100	-0.00865758	-0.0513968	0.291978	10.2817	-0.508658	-0.0914455
200	-0.00734838	-0.0514469	0.292898	10.2625	-1.32334	-0.236449
300	-0.00609696	-0.0514617	0.293538	10.2553	-2.21603	-0.393192
400	-0.00485747	-0.0514655	0.293982	10.2549	-3.10375	-0.547073
500	-0.00361348	-0.0514677	0.294286	10.2577	-3.95643	-0.6931
600	-0.0023579	-0.0514749	0.294484	10.2633	-4.76423	-0.829949
700	-0.00108754	-0.0514891	0.294603	10.2704	-5.52484	-0.957547
800	0.000196757	-0.0515123	0.294663	10.2788	-6.23884	-1.0762
900	0.00149535	-0.0515432	0.294683	10.2868	-6.90742	-1.18637
1000	0.00280972	-0.0515869	0.294664	10.2974	-7.53372	-1.28887
1100	0.00413666	-0.0516365	0.294625	10.3062	-8.11995	-1.384
1200	0.00547838	-0.0516947	0.294565	10.3148	-8.66668	-1.4722
1300	0.00683636	-0.0517649	0.294489	10.3254	-9.17788	-1.55443
1400	0.00820502	-0.051843	0.294409	10.3352	-9.65519	-1.63074
1500	0.00958414	-0.0519288	0.294325	10.3445	-10.1006	-1.70155
1600	0.0109735	-0.0520219	0.294237	10.3531	-10.5161	-1.76727
1700	0.0123732	-0.0521215	0.294139	10.3613	-10.9045	-1.82833
1800	0.0137826	-0.0522274	0.294041	10.369	-11.2677	-1.88524
1900	0.0152016	-0.0523412	0.293946	10.3772	-11.6068	-1.93842
2000	0.0166336	-0.0524615	0.293845	10.3859	-11.9241	-1.98819
2100	0.0180735	-0.052587	0.293747	10.3939	-12.2208	-2.03458
2200	0.0195211	-0.0527175	0.293652	10.4013	-12.4976	-2.07776
2300	0.0209759	-0.0528539	0.293562	10.4088	-12.756	-2.11812
2400	0.0224375	-0.0529943	0.293473	10.4153	-12.9966	-2.15554
2500	0.0239055	-0.0531387	0.293387	10.4212	-13.2213	-2.19043
2600	0.0253792	-0.0532885	0.293306	10.4273	-13.4307	-2.22307
2700	0.0268594	-0.0534427	0.293219	10.4337	-13.6266	-2.25362
2800	0.0283412	-0.0536049	0.293142	10.4421	-13.8113	-2.28282
2900	0.0298275	-0.053767	0.293062	10.4487	-13.9857	-2.31006
3000	0.0313173	-0.0539332	0.292986	10.4554	-14.1495	-2.33569
3100	0.0328114	-0.054103	0.292915	10.4623	-14.3032	-2.35997
3200	0.0343088	-0.0542739	0.292844	10.468	-14.4477	-2.38255
3300	0.0358101	-0.0544469	0.292774	10.4732	-14.5835	-2.40377
3400	0.037315	-0.0546237	0.292709	10.4788	-14.7104	-2.42384
3500	0.0388231	-0.0548011	0.292642	10.4833	-14.8296	-2.44249
3600	0.0403342	-0.0549809	0.292579	10.4878	-14.9416	-2.46012
3700	0.0418482	-0.0551632	0.292517	10.4921	-15.0465	-2.4767
3800	0.043365	-0.0553463	0.292456	10.4957	-15.145	-2.49216
3900	0.0448844	-0.0555319	0.292397	10.4995	-15.2375	-2.50688
4000	0.0464061	-0.0557189	0.292339	10.5028	-15.3241	-2.5206
4100	0.0479303	-0.0559067	0.292281	10.5057	-15.4055	-2.53347
4200	0.0494566	-0.0560964	0.292225	10.5086	-15.482	-2.54568
4300	0.0509848	-0.0562883	0.292172	10.5116	-15.5536	-2.55723
4400	0.052515	-0.0564803	0.292117	10.514	-15.6209	-2.56799
4500	0.054047	-0.0566736	0.292063	10.5162	-15.6843	-2.57815
4600	0.0555807	-0.056869	0.292013	10.5187	-15.7438	-2.58791
4700	0.0571159	-0.0570651	0.291962	10.5208	-15.7994	-2.59697
4800	0.0586527	-0.0572617	0.291911	10.5226	-15.8518	-2.60551
4900	0.0601908	-0.0574593	0.29186	10.5243	-15.9012	-2.61359
5000	0.0617304	-0.0576579	0.291811	10.526	-15.9475	-2.62125
5100	0.0632711	-0.0578575	0.291762	10.5275	-15.9911	-2.62849
5200	0.0648129	-0.0580591	0.291717	10.5296	-16.0319	-2.63554
5300	0.0663559	-0.0582603	0.291669	10.5309	-16.0703	-2.64199
5400	0.0678999	-0.0584621	0.291622	10.5322	-16.1065	-2.64813
5500	0.0694449	-0.0586647	0.291576	10.5334	-16.1405	-2.65396
5600	0.0709908	-0.058868	0.29153	10.5345	-16.1726	-2.6595
5700	0.0725376	-0.059072	0.291485	10.5356	-16.2027	-2.66477
5800	0.0740852	-0.0592765	0.29144	10.5367	-16.231	-2.66977
5900	0.0756335	-0.0594816	0.291396	10.5376	-16.2577	-2.67453
6000	0.0771826	-0.0596873	0.291352	10.5386	-16.2827	-2.67906
6100	0.0787324	-0.0598935	0.291308	10.5395	-16.3063	-2.68338
6200	0.0802828	-0.0601001	0.291265	10.5403	-16.3285	-2.68749
6300	0.0818339	-0.0603072	0.291222	10.5411	-16.3494	-2.69141
6400	0.0833854	-0.0605148	0.29118	10.5419	-16.369	-2.69515
6500	0.0849375	-0.0607228	0.291137	10.5426	-16.3875	-2.69872
6600	0.0864901	-0.0609311	0.291095	10.5433	-16.4049	-2.70213
6700	0.0880432	-0.0611398	0.291054	10.544	-16.4213	-2.70539
6800	0.0895967	-0.0613489	0.291012	10.5446	-16.4367	-2.70851
6900	0.0911506	-0.0615582	0.290971	10.5452	-16.4512	-2.71149
7000	0.092705	-0.0617679	0.29093	10.5458	-16.4649	-2.71436
7100	0.0942596	-0.0619779	0.290889	10.5463	-16.4778	-2.7171
7200	0.0958146	-0.0621882	0.290849	10.5469	-16.4899	-2.71973
7300	0.09737	-0.0623987	0.290808	10.5473	-16.5013	-2.72225
7400	0.0989256	-0.0626094	0.290768	10.5478	-16.5121	-2.72468
7500	0.100482	-0.0628204	0.290728	10.5482	-16.5222	-2.72701
7600	0.102038	-0.0630317	0.290688	10.5487	-16.5317	-2.72926
7700	0.103594	-0.0632431	0.290648	10.5491	-16.5407	-2.73142
7800	0.105151	-0.0634547	0.290608	10.5494	-16.5491	-2.7335
7900	0.106708	-0.0636665	0.290568	10.5498	-16.5571	-2.73551
8000	0.108265	-0.0638785	0.290529	10.5501	-16.5645	-2.73745
8100	0.109822	-0.0640907	0.290489	10.5504	-16.5716	-2.73933
8200	0.11138	-0.064303	0.29045	10.5507	-16.5782	-2.74114
8300	0.112938	-0.0645155	0.290411	10.551	-16.5844	-2.7429
8400	0.114495	-0.0647281	0.290372	10.5513	-16.5903	-2.74459
8500	0.116053	-0.0649409	0.290333	10.5515	-16.5958	-2.74624
8600	0.117612	-0.0651538	0.290293	10.5518	-16.601	-2.74784
8700	0.11917	-0.0653669	0.290255	10.552	-16.6059	-2.74939
8800	0.120728	-0.06558	0.290216	10.5522	-16.6105	-2.7509
8900	0.122287	-0.0657933	0.290177	10.5524	-16.6149	-2.75236
9000	0.123846	-0.0660067	0.290138	10.5526	-16.6189	-2.75379
9100	0.125405	-0.0662202	0.290099	10.5528	-16.6227	-2.75518
9200	0.126964	-0.0664338	0.290061	10.553	-16.6263	-2.75654
9300	0.128523	-0.0666515	0.290012	10.5555	-16.6292	-2.7585
9400	0.130083	-0.0668648	0.289975	10.5553	-16.6323	-2.75966
9500	0.131642	-0.0670781	0.289937	10.5552	-16.6354	-2.76083
9600	0.133202	-0.0672916	0.2899	10.5551	-16.6383	-2.762
9700	0.134761	-0.0675053	0.289862	10.555	-16.6411	-2.76316
9800	0.136321	-0.067719	0.289825	10.555	-16.6437	-2.76429
9900	0.13788	-0.0679329	0.289787	10.5549	-16.6461	-2.76541
10000	0.13944	-0.0681469	0.289749	10.5549	-16.6483	-2.76651
10100	0.141	-0.068361	0.289711	10.5549	-16.6504	-2.7676
10200	0.14256	-0.0685752	0.289673	10.5549	-16.6524	-2.76867
10300	0.14412	-0.0687895	0.289636	10.5549	-16.6542	-2.76972
10400	0.14568	-0.0690039	0.289598	10.5549	-16.6559	-2.77076
10500	0.147239	-0.0692183	0.28956	10.5549	-16.6574	-2.77179
10600	0.1488	-0.0694329	0.289522	10.5549	-16.6588	-2.7728
10700	0.15036	-0.0696475	0.289484	10.5549	-16.6602	-2.7738
10800	0.15192	-0.0698621	0.289446	10.5549	-16.6614	-2.77478
10900	0.15348	-0.0700769	0.289408	10.555	-16.6626	-2.77575
11000	0.15504	-0.0702917	0.28937	10.555	-16.6636	-2.77672
11100	0.1566	-0.0705065	0.289331	10.555	-16.6646	-2.77767
11200	0.15816	-0.0707214	0.289293	10.555	-16.6655	-2.77861
11300	0.159721	-0.0709364	0.289255	10.555	-16.6663	-2.77954
11400	0.161281	-0.0711514	0.289217	10.5551	-16.6671	-2.78046
11500	0.162841	-0.0713664	0.289179	10.5551	-16.6678	-2.78137
11600	0.164402	-0.0715815	0.289141	10.5551	-16.6684	-2.78227
11700	0.165962	-0.0717967	0.289103	10.5551	-16.669	-2.78317
11800	0.167523	-0.0720119	0.289065	10.5551	-16.6695	-2.78405
11900	0.169083	-0.0722271	0.289027	10.5551	-16.6699	-2.78493
12000	0.170644	-0.0724424	0.288989	10.5552	-16.6704	-2.78581
12100	0.172204	-0.0726577	0.288951	10.5552	-16.6707	-2.78667
12200	0.173765	-0.0728731	0.288913	10.5552	-16.6711	-2.78753
12300	0.175325	-0.0730885	0.288875	10.5552	-16.6713	-2.78839
12400	0.176886	-0.0733039	0.288837	10.5552	-16.6716	-2.78923
12500	0.178446	-0.0735194	0.288799	10.5552	-16.6718	-2.79008
12600	0.180007	-0.0737349	0.288761	10.5552	-16.672	-2.79092
12700	0.181568	-0.0739504	0.288723	10.5552	-16.6721	-2.79175
12800	0.183128	-0.074166	0.288685	10.5552	-16.6723	-2.79258
12900	0.184689	-0.0743816	0.288647	10.5552	-16.6723	-2.7934
13000	0.18625	-0.0745973	0.288609	10.5552	-16.6724	-2.79422
13100	0.18781	-0.0748129	0.288571	10.5552	-16.6724	-2.79504
13200	0.189371	-0.0750286	0.288533	10.5552	-16.6724	-2.79585
13300	0.190932	-0.0752444	0.288495	10.5552	-16.6724	-2.79666
13400	0.192493	-0.0754601	0.288457	10.5552	-16.6724	-2.79747
13500	0.194053	-0.0756759	0.288419	10.5552	-16.6723	-2.79827
13600	0.195614	-0.0758917	0.288381	10.5552	-16.6723	-2.79907
13700	0.197175	-0.0761076	0.288343	10.5552	-16.6722	-2.79986
13800	0.198736	-0.0763235	0.288305	10.5552	-16.6721	-2.80066
13900	0.200296	-0.0765394	0.288267	10.5552	-16.6719	-2.80145
14000	0.201857	-0.0767553	0.288229	10.5552	-16.6718	-2.80224
14100	0.203418	-0.0769713	0.288191	10.5552	-16.6716	-2.80303
14200	0.204979	-0.0771873	0.288153	10.5552	-16.6715	-2.80381
14300	0.20654	-0.0774033	0.288115	10.5552	-16.6713	-2.80459
14400	0.208101	-0.0776194	0.288077	10.5552	-16.6711	-2.80538
14500	0.209662	-0.0778354	0.288039	10.5552	-16.6709	-2.80616
14600	0.211222	-0.0780515	0.288001	10.5552	-16.6707	-2.80693
14700	0.212783	-0.0782677	0.287963	10.5551	-16.6704	-2.80771
14800	0.214344	-0.0784838	0.287925	10.5551	-16.6702	-2.80848
14900	0.215905	-0.0787	0.287887	10.5551	-16.6699	-2.80926
15000	0.217466	-0.0789162	0.287849	10.5551	-16.6697	-2.81003
15100	0.219027	-0.0791324	0.287811	10.5551	-16.6694	-2.8108
15200	0.220588	-0.0793487	0.287773	10.5551	-16.6691	-2.81157
15300	0.222149	-0.079565	0.287735	10.5551	-16.6688	-2.81233
15400	0.22371	-0.0797813	0.287697	10.555	-16.6685	-2.8131
15500	0.225271	-0.0799976	0.287659	10.555	-16.6682	-2.81386
15600	0.226832	-0.080214	0.287621	10.555	-16.6679	-2.81463
15700	0.228393	-0.0804304	0.287583	10.555	-16.6676	-2.81539
15800	0.229954	-0.0806468	0.287545	10.555	-16.6673	-2.81616
15900	0.231515	-0.0808632	0.287507	10.555	-16.667	-2.81692
16000	0.233075	-0.0810797	0.287469	10.555	-16.6667	-2.81768
16100	0.234636	-0.0812961	0.287431	10.5549	-16.6663	-2.81844
16200	0.236197	-0.0815126	0.287393	10.5549	-16.666	-2.8192
16300	0.237758	-0.0817292	0.287355	10.5549	-16.6656	-2.81996
16400	0.239319	-0.0819457	0.287316	10.5549	-16.6653	-2.82071
16500	0.24088	-0.0821623	0.287278	10.5549	-16.6649	-2.82147
16600	0.242441	-0.0823789	0.28724	10.5549	-16.6646	-2.82223
16700	0.244003	-0.0825955	0.287202	10.5548	-16.6642	-2.82298
16800	0.245564	-0.0828122	0.287164	10.5548	-16.6639	-2.82374
16900	0.247125	-0.0830289	0.287126	10.5548	-16.6635	-2.82449
17000	0.248686	-0.0832456	0.287088	10.5548	-16.6631	-2.82525
17100	0.250247	-0.0834623	0.28705	10.5548	-16.6628	-2.826
17200	0.251808	-0.083679	0.287012	10.5548	-16.6624	-2.82676
17300	0.253369	-0.0838958	0.286974	10.5547	-16.662	-2.82751
17400	0.25493	-0.0841126	0.286936	10.5547	-16.6616	-2.82826
17500	0.256491	-0.0843294	0.286898	10.5547	-16.6613	-2.82901
17600	0.258052	-0.0845462	0.28686	10.5547	-16.6609	-2.82977
17700	0.259613	-0.0847631	0.286821	10.5547	-16.6605	-2.83052
17800	0.261174	-0.08498	0.286783	10.5546	-16.6601	-2.83127
17900	0.262735	-0.0851969	0.286745	10.5546	-16.6597	-2.83202
18000	0.264296	-0.0854138	0.286707	10.5546	-16.6593	-2.83277
18100	0.265857	-0.0856308	0.286669	10.5546	-16.6589	-2.83352
18200	0.267418	-0.0858478	0.286631	10.5546	-16.6585	-2.83427
18300	0.26898	-0.0860648	0.286593	10.5545	-16.6581	-2.83502
18400	0.270541	-0.0862818	0.286555	10.5545	-16.6577	-2.83577
18500	0.272102	-0.0864988	0.286517	10.5545	-16.6573	-2.83652
18600	0.273663	-0.0867159	0.286478	10.5545	-16.6569	-2.83727
18700	0.275224	-0.086933	0.28644	10.5545	-16.6565	-2.83802
18800	0.276785	-0.0871501	0.286402	10.5544	-16.6561	-2.83877
18900	0.278346	-0.0873672	0.286364	10.5544	-16.6557	-2.83952
19000	0.279907	-0.0875844	0.286326	10.5544	-16.6553	-2.84026
19100	0.281468	-0.0878016	0.286288	10.5544	-16.6549	-2.84101
19200	0.28303	-0.0880188	0.28625	10.5544	-16.6545	-2.84176
19300	0.284591	-0.088236	0.286211	10.5543	-16.6541	-2.84251
19400	0.286152	-0.0884533	0.286173	10.5543	-16.6537	-2.84326
19500	0.287713	-0.0886706	0.286135	10.5543	-16.6533	-2.844
19600	0.289274	-0.0888879	0.286097	10.5543	-16.6529	-2.84475
19700	0.290835	-0.0891052	0.286059	10.5543	-16.6525	-2.8455
19800	0.292397	-0.0893225	0.286021	10.5542	-16.652	-2.84625
19900	0.293958	-0.0895399	0.285982	10.5542	-16.6516	-2.84699
20000	0.295519	-0.0897573	0.285944	10.5542	-16.6512	-2.84774
20100	0.29708	-0.0899747	0.285906	10.5542	-16.6508	-2.84849
20200	0.298641	-0.0901922	0.285868	10.5542	-16.6504	-2.84923
20300	0.300202	-0.0904096	0.28583	10.5541	-16.65	-2.84998
20400	0.301764	-0.0906271	0.285791	10.5541	-16.6496	-2.85073
20500	0.303325	-0.0908446	0.285753	10.5541	-16.6492	-2.85147
20600	0.304886	-0.0910621	0.285715	10.5541	-16.6487	-2.85222
20700	0.306447	-0.0912797	0.285677	10.5541	-16.6483	-2.85297
20800	0.308008	-0.0914973	0.285639	10.554	-16.6479	-2.85371
20900	0.30957	-0.0917149	0.2856	10.554	-16.6475	-2.85446
21000	0.311131	-0.0919325	0.285562	10.554	-16.6471	-2.8552
21100	0.312692	-0.0921501	0.285524	10.554	-16.6467	-2.85595
21200	0.314253	-0.0923678	0.285486	10.554	-16.6462	-2.8567
21300	0.315814	-0.0925855	0.285447	10.5539	-16.6458	-2.85744
21400	0.317376	-0.0928032	0.285409	10.5539	-16.6454	-2.85819
21500	0.318937	-0.0930209	0.285371	10.5539	-16.645	-2.85893
21600	0.320498	-0.0932387	0.285333	10.5539	-16.6446	-2.85968
21700	0.322059	-0.0934565	0.285294	10.5539	-16.6441	-2.86042
21800	0.323621	-0.0936743	0.285256	10.5538	-16.6437	-2.86117
21900	0.325182	-0.0938921	0.285218	10.5538	-16.6433	-2.86192
22000	0.326743	-0.0941099	0.28518	10.5538	-16.6429	-2.86266
22100	0.328304	-0.0943278	0.285141	10.5538	-16.6425	-2.86341
22200	0.329866	-0.0945457	0.285103	10.5538	-16.642	-2.86415
22300	0.331427	-0.0947636	0.285065	10.5537	-16.6416	-2.8649
22400	0.332988	-0.0949816	0.285027	10.5537	-16.6412	-2.86564
22500	0.33455	-0.0951995	0.284988	10.5537	-16.6408	-2.86639
22600	0.336111	-0.0954175	0.28495	10.5537	-16.6404	-2.86713
22700	0.337672	-0.0956355	0.284912	10.5537	-16.6399	-2.86788
22800	0.339233	-0.0958535	0.284873	10.5536	-16.6395	-2.86862
22900	0.340795	-0.0960716	0.284835	10.5536	-16.6391	-2.86937
23000	0.342356	-0.0962897	0.284797	10.5536	-16.6387	-2.87011
23100	0.343917	-0.0965078	0.284759	10.5536	-16.6383	-2.87086
23200	0.345479	-0.0967259	0.28472	10.5535	-16.6378	-2.8716
23300	0.34704	-0.096944	0.284682	10.5535	-16.6374	-2.87235
23400	0.348601	-0.0971622	0.284644	10.5535	-16.637	-2.87309
23500	0.350162	-0.0973804	0.284605	10.5535	-16.6366	-2.87384
23600	0.351724	-0.0975986	0.284567	10.5535	-16.6361	-2.87458
23700	0.353285	-0.0978168	0.284529	10.5534	-16.6357	-2.87533
23800	0.354846	-0.0980351	0.28449	10.5534	-16.6353	-2.87607
23900	0.356408	-0.0982534	0.284452	10.5534	-16.6349	-2.87681
24000	0.357969	-0.0984717	0.284414	10.5534	-16.6345	-2.87756
24100	0.35953	-0.09869	0.284375	10.5534	-16.634	-2.8783
24200	0.361092	-0.0989083	0.284337	10.5533	-16.6336	-2.87905
24300	0.362653	-0.0991267	0.284299	10.5533	-16.6332	-2.87979
24400	0.364214	-0.0993451	0.28426	10.5533	-16.6328	-2.88054
24500	0.365776	-0.0995635	0.284222	10.5533	-16.6323	-2.88128
24600	0.367337	-0.099782	0.284183	10.5533	-16.6319	-2.88203
24700	0.368899	-0.1	0.284145	10.5532	-16.6315	-2.88277
24800	0.37046	-0.100219	0.284107	10.5532	-16.6311	-2.88351
24900	0.372021	-0.100437	0.284068	10.5532	-16.6307	-2.88426
25000	0.373583	-0.100656	0.28403	10.5532	-16.6302	-2.885
25100	0.375144	-0.100874	0.283992	10.5532	-16.6298	-2.88575
25200	0.376705	-0.101093	0.283953	10.5531	-16.6294	-2.88649
25300	0.378267	-0.101312	0.283915	10.5531	-16.629	-2.88723
25400	0.379828	-0.10153	0.283876	10.5531	-16.6285	-2.88798
25500	0.38139	-0.101749	0.283838	10.5531	-16.6281	-2.88872
25600	0.382951	-0.101968	0.2838	10.553	-16.6277	-2.88947
25700	0.384512	-0.102186	0.283761	10.553	-16.6273	-2.89021
25800	0.386074	-0.102405	0.283723	10.553	-16.6268	-2.89095
25900	0.387635	-0.102624	0.283684	10.553	-16.6264	-2.8917
26000	0.389197	-0.102842	0.283646	10.553	-16.626	-2.89244
26100	0.390758	-0.103061	0.283608	10.5529	-16.6256	-2.89319
26200	0.392319	-0.10328	0.283569	10.5529	-16.6252	-2.89393
26300	0.393881	-0.103499	0.283531	10.5529	-16.6247	-2.89467
26400	0.395442	-0.103718	0.283492	10.5529	-16.6243	-2.89542
26500	0.397004	-0.103937	0.283454	10.5529	-16.6239	-2.89616
26600	0.398565	-0.104155	0.283415	10.5528	-16.6235	-2.89691
26700	0.400127	-0.104374	0.283377	10.5528	-16.623	-2.89765
26800	0.401688	-0.104593	0.283338	10.5528	-16.6226	-2.89839
26900	0.403249	-0.104812	0.2833	10.5528	-16.6222	-2.89914
27000	0.404811	-0.105031	0.283262	10.5528	-16.6218	-2.89988
27100	0.406372	-0.10525	0.283223	10.5527	-16.6214	-2.90062
27200	0.407934	-0.105469	0.283185	10.5527	-16.6209	-2.90137
27300	0.409495	-0.105688	0.283146	10.5527	-16.6205	-2.90211
27400	0.411057	-0.105907	0.283108	10.5527	-16.6201	-2.90285
27500	0.412618	-0.106127	0.283069	10.5527	-16.6197	-2.9036
27600	0.41418	-0.106346	0.283031	10.5526	-16.6192	-2.90434
27700	0.415741	-0.106565	0.282992	10.5526	-16.6188	-2.90508
27800	0.417303	-0.106784	0.282954	10.5526	-16.6184	-2.90583
27900	0.418864	-0.107003	0.282915	10.5526	-16.618	-2.90657
28000	0.420426	-0.107222	0.282877	10.5525	-16.6175	-2.90732
28100	0.421987	-0.107442	0.282838	10.5525	-16.6171	-2.90806
28200	0.423549	-0.107661	0.2828	10.5525	-16.6167	-2.9088
28300	0.42511	-0.10788	0.282761	10.5525	-16.6163	-2.90955
28400	0.426672	-0.108099	0.282723	10.5525	-16.6159	-2.91029
28500	0.428233	-0.108319	0.282684	10.5524	-16.6154	-2.91103
28600	0.429795	-0.108538	0.282646	10.5524	-16.615	-2.91177
28700	0.431356	-0.108757	0.282607	10.5524	-16.6146	-2.91252
28800	0.432918	-0.108977	0.282569	10.5524	-16.6142	-2.91326
28900	0.434479	-0.109196	0.28253	10.5524	-16.6137	-2.914
29000	0.436041	-0.109416	0.282491	10.5523	-16.6133	-2.91475
29100	0.437602	-0.109635	0.282453	10.5523	-16.6129	-2.91549
29200	0.439164	-0.109855	0.282414	10.5523	-16.6125	-2.91623
29300	0.440725	-0.110074	0.282376	10.5523	-16.6121	-2.91698
29400	0.442287	-0.110294	0.282337	10.5523	-16.6116	-2.91772
29500	0.443848	-0.110513	0.282299	10.5522	-16.6112	-2.91846
29600	0.44541	-0.110733	0.28226	10.5522	-16.6108	-2.91921
29700	0.446971	-0.110952	0.282222	10.5522	-16.6104	-2.91995
29800	0.448533	-0.111172	0.282183	10.5522	-16.6099	-2.92069
29900	0.450095	-0.111392	0.282144	10.5522	-16.6095	-2.92143
30000	0.451656	-0.111611	0.282106	10.5521	-16.6091	-2.92218
30100	0.453218	-0.111831	0.282067	10.5521	-16.6087	-2.92292
30200	0.454779	-0.112051	0.282029	10.5521	-16.6082	-2.92366
30300	0.456341	-0.11227	0.28199	10.5521	-16.6078	-2.92441
30400	0.457902	-0.11249	0.281951	10.552	-16.6074	-2.92515
30500	0.459464	-0.11271	0.281913	10.552	-16.607	-2.92589
30600	0.461026	-0.11293	0.281874	10.552	-16.6066	-2.92663
30700	0.462587	-0.113149	0.281836	10.552	-16.6061	-2.92738
30800	0.464149	-0.113369	0.281797	10.552	-16.6057	-2.92812
30900	0.46571	-0.113589	0.281758	10.5519	-16.6053	-2.92886
31000	0.467272	-0.113809	0.28172	10.5519	-16.6049	-2.92961
31100	0.468834	-0.114029	0.281681	10.5519	-16.6044	-2.93035
31200	0.470395	-0.114249	0.281643	10.5519	-16.604	-2.93109
31300	0.471957	-0.114469	0.281604	10.5519	-16.6036	-2.93183
31400	0.473518	-0.114689	0.281565	10.5518	-16.6032	-2.93258
31500	0.47508	-0.114909	0.281527	10.5518	-16.6028	-2.93332
31600	0.476642	-0.115129	0.281488	10.5518	-16.6023	-2.93406
31700	0.478203	-0.115349	0.281449	10.5518	-16.6019	-2.9348
31800	0.479765	-0.115569	0.281411	10.5518	-16.6015	-2.93555
31900	0.481327	-0.115789	0.281372	10.5517	-16.6011	-2.93629
32000	0.482888	-0.116009	0.281333	10.5517	-16.6006	-2.93703
32100	0.48445	-0.116229	0.281295	10.5517	-16.6002	-2.93777
32200	0.486012	-0.116449	0.281256	10.5517	-16.5998	-2.93851
32300	0.487573	-0.11667	0.281217	10.5516	-16.5994	-2.93926
32400	0.489135	-0.11689	0.281179	10.5516	-16.599	-2.94
32500	0.490696	-0.11711	0.28114	10.5516	-16.5985	-2.94074
32600	0.492258	-0.11733	0.281101	10.5516	-16.5981	-2.94148
32700	0.49382	-0.117551	0.281063	10.5516	-16.5977	-2.94223
32800	0.495381	-0.117771	0.281024	10.5515	-16.5973	-2.94297
32900	0.496943	-0.117991	0.280985	10.5515	-16.5968	-2.94371
33000	0.498505	-0.118212	0.280947	10.5515	-16.5964	-2.94445
33100	0.500067	-0.118432	0.280908	10.5515	-16.596	-2.94519
33200	0.501628	-0.118652	0.280869	10.5515	-16.5956	-2.94594
33300	0.50319	-0.118873	0.28083	10.5514	-16.5952	-2.94668
33400	0.504752	-0.119093	0.280792	10.5514	-16.5947	-2.94742
33500	0.506313	-0.119314	0.280753	10.5514	-16.5943	-2.94816
33600	0.507875	-0.119534	0.280714	10.5514	-16.5939	-2.94891
33700	0.509437	-0.119755	0.280676	10.5514	-16.5935	-2.94965
33800	0.510998	-0.119975	0.280637	10.5513	-16.593	-2.95039
33900	0.51256	-0.120196	0.280598	10.5513	-16.5926	-2.95113
34000	0.514122	-0.120416	0.280559	10.5513	-16.5922	-2.95187
34100	0.515684	-0.120637	0.280521	10.5513	-16.5918	-2.95262
34200	0.517245	-0.120857	0.280482	10.5513	-16.5914	-2.95336
34300	0.518807	-0.121078	0.280443	10.5512	-16.5909	-2.9541
34400	0.520369	-0.121299	0.280404	10.5512	-16.5905	-2.95484
34500	0.521931	-0.121519	0.280366	10.5512	-16.5901	-2.95558
34600	0.523492	-0.12174	0.280327	10.5512	-16.5897	-2.95632
34700	0.525054	-0.121961	0.280288	10.5511	-16.5892	-2.95707
34800	0.526616	-0.122181	0.280249	10.5511	-16.5888	-2.95781
34900	0.528177	-0.122402	0.280211	10.5511	-16.5884	-2.95855
35000	0.529739	-0.122623	0.280172	10.5511	-16.588	-2.95929
35100	0.531301	-0.122844	0.280133	10.5511	-16.5876	-2.96003
35200	0.532863	-0.123065	0.280094	10.551	-16.5871	-2.96077
35300	0.534425	-0.123286	0.280055	10.551	-16.5867	-2.96152
35400	0.535986	-0.123506	0.280017	10.551	-16.5863	-2.96226
35500	0.537548	-0.123727	0.279978	10.551	-16.5859	-2.963
35600	0.53911	-0.123948	0.279939	10.551	-16.5854	-2.96374
35700	0.540672	-0.124169	0.2799	10.5509	-16.585	-2.96448
35800	0.542233	-0.12439	0.279861	10.5509	-16.5846	-2.96522
35900	0.543795	-0.124611	0.279823	10.5509	-16.5842	-2.96597
36000	0.545357	-0.124832	0.279784	10.5509	-16.5838	-2.96671
36100	0.546919	-0.125053	0.279745	10.5509	-16.5833	-2.96745
36200	0.548481	-0.125274	0.279706	10.5508	-16.5829	-2.96819
36300	0.550042	-0.125495	0.279667	10.5508	-16.5825	-2.96893
36400	0.551604	-0.125716	0.279628	10.5508	-16.5821	-2.96967
36500	0.553166	-0.125938	0.27959	10.5508	-16.5817	-2.97041
36600	0.554728	-0.126159	0.279551	10.5507	-16.5812	-2.97115
36700	0.55629	-0.12638	0.279512	10.5507	-16.5808	-2.9719
36800	0.557852	-0.126601	0.279473	10.5507	-16.5804	-2.97264
36900	0.559413	-0.126822	0.279434	10.5507	-16.58	-2.97338
37000	0.560975	-0.127044	0.279395	10.5507	-16.5795	-2.97412
37100	0.562537	-0.127265	0.279356	10.5506	-16.5791	-2.97486
37200	0.564099	-0.127486	0.279318	10.5506	-16.5787	-2.9756
37300	0.565661	-0.127707	0.279279	10.5506	-16.5783	-2.97634
37400	0.567223	-0.127929	0.27924	10.5506	-16.5779	-2.97708
37500	0.568784	-0.12815	0.279201	10.5506	-16.5774	-2.97783
37600	0.570346	-0.128371	0.279162	10.5505	-16.577	-2.97857
37700	0.571908	-0.128593	0.279123	10.5505	-16.5766	-2.97931
37800	0.57347	-0.128814	0.279084	10.5505	-16.5762	-2.98005
37900	0.575032	-0.129036	0.279045	10.5505	-16.5757	-2.98079
38000	0.576594	-0.129257	0.279006	10.5505	-16.5753	-2.98153
38100	0.578156	-0.129479	0.278968	10.5504	-16.5749	-2.98227
38200	0.579717	-0.1297	0.278929	10.5504	-16.5745	-2.98301
38300	0.581279	-0.129922	0.27889	10.5504	-16.5741	-2.98375
38400	0.582841	-0.130143	0.278851	10.5504	-16.5736	-2.98449
38500	0.584403	-0.130365	0.278812	10.5503	-16.5732	-2.98523
38600	0.585965	-0.130586	0.278773	10.5503	-16.5728	-2.98598
38700	0.587527	-0.130808	0.278734	10.5503	-16.5724	-2.98672
38800	0.589089	-0.13103	0.278695	10.5503	-16.572	-2.98746
38900	0.590651	-0.131251	0.278656	10.5503	-16.5715	-2.9882
39000	0.592213	-0.131473	0.278617	10.5502	-16.5711	-2.98894
39100	0.593775	-0.131695	0.278578	10.5502	-16.5707	-2.98968
39200	0.595336	-0.131917	0.278539	10.5502	-16.5703	-2.99042
39300	0.596898	-0.132138	0.2785	10.5502	-16.5698	-2.99116
39400	0.59846	-0.13236	0.278461	10.5502	-16.5694	-2.9919
39500	0.600022	-0.132582	0.278422	10.5501	-16.569	-2.99264
39600	0.601584	-0.132804	0.278384	10.5501	-16.5686	-2.99338
39700	0.603146	-0.133026	0.278345	10.5501	-16.5682	-2.99412
39800	0.604708	-0.133247	0.278306	10.5501	-16.5677	-2.99486
39900	0.60627	-0.133469	0.278267	10.5501	-16.5673	-2.9956
40000	0.607832	-0.133691	0.278228	10.55	-16.5669	-2.99634
40100	0.609394	-0.133913	0.278189	10.55	-16.5665	-2.99709
40200	0.610956	-0.134135	0.27815	10.55	-16.5661	-2.99783
40300	0.612518	-0.134357	0.278111	10.55	-16.5656	-2.99857
40400	0.61408	-0.134579	0.278072	10.55	-16.5652	-2.99931
40500	0.615642	-0.134801	0.278033	10.5499	-16.5648	-3.00005
40600	0.617204	-0.135023	0.277994	10.5499	-16.5644	-3.00079
40700	0.618766	-0.135245	0.277955	10.5499	-16.5639	-3.00153
40800	0.620328	-0.135467	0.277916	10.5499	-16.5635	-3.00227
40900	0.62189	-0.135689	0.277877	10.5498	-16.5631	-3.00301
41000	0.623452	-0.135912	0.277838	10.5498	-16.5627	-3.00375
41100	0.625014	-0.136134	0.277799	10.5498	-16.5623	-3.00449
41200	0.626576	-0.136356	0.27776	10.5498	-16.5618	-3.00523
41300	0.628138	-0.136578	0.277721	10.5498	-16.5614	-3.00597
41400	0.6297	-0.1368	0.277682	10.5497	-16.561	-3.00671
41500	0.631262	-0.137023	0.277642	10.5497	-16.5606	-3.00745
41600	0.632824	-0.137245	0.277603	10.5497	-16.5602	-3.00819
41700	0.634386	-0.137467	0.277564	10.5497	-16.5597	-3.00893
41800	0.635948	-0.13769	0.277525	10.5497	-16.5593	-3.00967
41900	0.63751	-0.137912	0.277486	10.5496	-16.5589	-3.01041
42000	0.639072	-0.138134	0.277447	10.5496	-16.5585	-3.01115
42100	0.640634	-0.138357	0.277408	10.5496	-16.5581	-3.01189
42200	0.642196	-0.138579	0.277369	10.5496	-16.5576	-3.01263
42300	0.643758	-0.138802	0.27733	10.5496	-16.5572	-3.01337
42400	0.64532	-0.139024	0.277291	10.5495	-16.5568	-3.01411
42500	0.646882	-0.139246	0.277252	10.5495	-16.5564	-3.01485
42600	0.648444	-0.139469	0.277213	10.5495	-16.5559	-3.01559
42700	0.650006	-0.139691	0.277174	10.5495	-16.5555	-3.01633
42800	0.651568	-0.139914	0.277135	10.5494	-16.5551	-3.01707
42900	0.65313	-0.140137	0.277096	10.5494	-16.5547	-3.01781
43000	0.654692	-0.140359	0.277056	10.5494	-16.5543	-3.01855
43100	0.656254	-0.140582	0.277017	10.5494	-16.5538	-3.01929
43200	0.657816	-0.140804	0.276978	10.5494	-16.5534	-3.02003
43300	0.659378	-0.141027	0.276939	10.5493	-16.553	-3.02077
43400	0.66094	-0.14125	0.2769	10.5493	-16.5526	-3.02151
43500	0.662502	-0.141472	0.276861	10.5493	-16.5522	-3.02225
43600	0.664065	-0.141695	0.276822	10.5493	-16.5517	-3.02299
43700	0.665627	-0.141918	0.276783	10.5493	-16.5513	-3.02373
43800	0.667189	-0.142141	0.276743	10.5492	-16.5509	-3.02447
43900	0.668751	-0.142364	0.276704	10.5492	-16.5505	-3.0252
44000	0.670313	-0.142586	0.276665	10.5492	-16.5501	-3.02594
44100	0.671875	-0.142809	0.276626	10.5492	-16.5496	-3.02668
44200	0.673437	-0.143032	0.276587	10.5492	-16.5492	-3.02742
44300	0.674999	-0.143255	0.276548	10.5491	-16.5488	-3.02816
44400	0.676561	-0.143478	0.276509	10.5491	-16.5484	-3.0289
44500	0.678123	-0.143701	0.276469	10.5491	-16.548	-3.02964
44600	0.679686	-0.143924	0.27643	10.5491	-16.5475	-3.03038
44700	0.681248	-0.144147	0.276391	10.549	-16.5471	-3.03112
44800	0.68281	-0.14437	0.276352	10.549	-16.5467	-3.03186
44900	0.684372	-0.144593	0.276313	10.549	-16.5463	-3.0326
45000	0.685934	-0.144816	0.276274	10.549	-16.5459	-3.03334
45100	0.687496	-0.145039	0.276234	10.549	-16.5454	-3.03408
45200	0.689058	-0.145262	0.276195	10.5489	-16.545	-3.03482
45300	0.690621	-0.145485	0.276156	10.5489	-16.5446	-3.03556
45400	0.692183	-0.145708	0.276117	10.5489	-16.5442	-3.0363
45500	0.693745	-0.145931	0.276078	10.5489	-16.5437	-3.03703
45600	0.695307	-0.146155	0.276038	10.5489	-16.5433	-3.03777
45700	0.696869	-0.146378	0.275999	10.5488	-16.5429	-3.03851
45800	0.698431	-0.146601	0.27596	10.5488	-16.5425	-3.03925
45900	0.699993	-0.146824	0.275921	10.5488	-16.5421	-3.03999
46000	0.701556	-0.147047	0.275882	10.5488	-16.5416	-3.04073
46100	0.703118	-0.147271	0.275842	10.5488	-16.5412	-3.04147
46200	0.70468	-0.147494	0.275803	10.5487	-16.5408	-3.04221
46300	0.706242	-0.147717	0.275764	10.5487	-16.5404	-3.04295
46400	0.707804	-0.147941	0.275725	10.5487	-16.54	-3.04369
46500	0.709367	-0.148164	0.275685	10.5487	-16.5395	-3.04442
46600	0.710929	-0.148388	0.275646	10.5486	-16.5391	-3.04516
46700	0.712491	-0.148611	0.275607	10.5486	-16.5387	-3.0459
46800	0.714053	-0.148834	0.275568	10.5486	-16.5383	-3.04664
46900	0.715615	-0.149058	0.275528	10.5486	-16.5379	-3.04738
47000	0.717178	-0.149281	0.275489	10.5486	-16.5374	-3.04812
47100	0.71874	-0.149505	0.27545	10.5485	-16.537	-3.04886
47200	0.720302	-0.149728	0.275411	10.5485	-16.5366	-3.0496
47300	0.721864	-0.149952	0.275371	10.5485	-16.5362	-3.05034
47400	0.723426	-0.150176	0.275332	10.5485	-16.5358	-3.05107
47500	0.724989	-0.150399	0.275293	10.5485	-16.5353	-3.05181
47600	0.726551	-0.150623	0.275254	10.5484	-16.5349	-3.05255
47700	0.728113	-0.150846	0.275214	10.5484	-16.5345	-3.05329
47800	0.729675	-0.15107	0.275175	10.5484	-16.5341	-3.05403
47900	0.731238	-0.151294	0.275136	10.5484	-16.5337	-3.05477
48000	0.7328	-0.151518	0.275096	10.5484	-16.5332	-3.05551
48100	0.734362	-0.151741	0.275057	10.5483	-16.5328	-3.05624
48200	0.735924	-0.151965	0.275018	10.5483	-16.5324	-3.05698
48300	0.737487	-0.152189	0.274979	10.5483	-16.532	-3.05772
48400	0.739049	-0.152413	0.274939	10.5483	-16.5316	-3.05846
48500	0.740611	-0.152636	0.2749	10.5482	-16.5311	-3.0592
48600	0.742174	-0.15286	0.274861	10.5482	-16.5307	-3.05994
48700	0.743736	-0.153084	0.274821	10.5482	-16.5303	-3.06068
48800	0.745298	-0.153308	0.274782	10.5482	-16.5299	-3.06141
48900	0.74686	-0.153532	0.274743	10.5482	-16.5295	-3.06215
49000	0.748423	-0.153756	0.274703	10.5481	-16.529	-3.06289
49100	0.749985	-0.15398	0.274664	10.5481	-16.5286	-3.06363
49200	0.751547	-0.154204	0.274625	10.5481	-16.5282	-3.06437
49300	0.75311	-0.154428	0.274585	10.5481	-16.5278	-3.06511
49400	0.754672	-0.154652	0.274546	10.5481	-16.5274	-3.06584
49500	0.756234	-0.154876	0.274506	10.548	-16.5269	-3.06658
49600	0.757796	-0.1551	0.274467	10.548	-16.5265	-3.06732
49700	0.759359	-0.155324	0.274428	10.548	-16.5261	-3.06806
49800	0.760921	-0.155548	0.274388	10.548	-16.5257	-3.0688
49900	0.762483	-0.155772	0.274349	10.548	-16.5253	-3.06953
50000	0.764046	-0.155997	0.27431	10.5479	-16.5248	-3.07027
50100	0.765608	-0.156221	0.27427	10.5479	-16.5244	-3.07101
50200	0.76717	-0.156445	0.274231	10.5479	-16.524	-3.07175
50300	0.768733	-0.156669	0.274191	10.5479	-16.5236	-3.07249
50400	0.770295	-0.156894	0.274152	10.5478	-16.5232	-3.07322
50500	0.771857	-0.157118	0.274113	10.5478	-16.5227	-3.07396
50600	0.77342	-0.157342	0.274073	10.5478	-16.5223	-3.0747
50700	0.774982	-0.157566	0.274034	10.5478	-16.5219	-3.07544
50800	0.776544	-0.157791	0.273994	10.5478	-16.5215	-3.07618
50900	0.778107	-0.158015	0.273955	10.5477	-16.5211	-3.07691
51000	0.779669	-0.15824	0.273916	10.5477	-16.5206	-3.07765
51100	0.781232	-0.158464	0.273876	10.5477	-16.5202	-3.07839
51200	0.782794	-0.158688	0.273837	10.5477	-16.5198	-3.07913
51300	0.784356	-0.158913	0.273797	10.5477	-16.5194	-3.07987
51400	0.785919	-0.159137	0.273758	10.5476	-16.519	-3.0806
51500	0.787481	-0.159362	0.273719	10.5476	-16.5185	-3.08134
51600	0.789043	-0.159586	0.273679	10.5476	-16.5181	-3.08208
51700	0.790606	-0.159811	0.27364	10.5476	-16.5177	-3.08282
51800	0.792168	-0.160035	0.2736	10.5476	-16.5173	-3.08355
51900	0.793731	-0.16026	0.273561	10.5475	-16.5169	-3.08429
52000	0.795293	-0.160485	0.273521	10.5475	-16.5164	-3.08503
52100	0.796855	-0.160709	0.273482	10.5475	-16.516	-3.08577
52200	0.798418	-0.160934	0.273442	10.5475	-16.5156	-3.0865
52300	0.79998	-0.161159	0.273403	10.5474	-16.5152	-3.08724
52400	0.801543	-0.161383	0.273363	10.5474	-16.5148	-3.08798
52500	0.803105	-0.161608	0.273324	10.5474	-16.5143	-3.08872
52600	0.804667	-0.161833	0.273284	10.5474	-16.5139	-3.08945
52700	0.80623	-0.162058	0.273245	10.5474	-16.5135	-3.09019
52800	0.807792	-0.162282	0.273205	10.5473	-16.5131	-3.09093
52900	0.809355	-0.162507	0.273166	10.5473	-16.5127	-3.09167
53000	0.810917	-0.162732	0.273126	10.5473	-16.5123	-3.0924
53100	0.81248	-0.162957	0.273087	10.5473	-16.5118	-3.09314
53200	0.814042	-0.163182	0.273047	10.5473	-16.5114	-3.09388
53300	0.815605	-0.163407	0.273008	10.5472	-16.511	-3.09462
53400	0.817167	-0.163632	0.272968	10.5472	-16.5106	-3.09535
53500	0.818729	-0.163857	0.272929	10.5472	-16.5102	-3.09609
53600	0.820292	-0.164082	0.272889	10.5472	-16.5097	-3.09683
53700	0.821854	-0.164307	0.27285	10.5471	-16.5093	-3.09757
53800	0.823417	-0.164532	0.27281	10.5471	-16.5089	-3.0983
53900	0.824979	-0.164757	0.272771	10.5471	-16.5085	-3.09904
54000	0.826542	-0.164982	0.272731	10.5471	-16.5081	-3.09978
54100	0.828104	-0.165207	0.272692	10.5471	-16.5076	-3.10051
54200	0.829667	-0.165432	0.272652	10.547	-16.5072	-3.10125
54300	0.831229	-0.165657	0.272613	10.547	-16.5068	-3.10199
54400	0.832792	-0.165882	0.272573	10.547	-16.5064	-3.10272
54500	0.834354	-0.166107	0.272534	10.547	-16.506	-3.10346
54600	0.835917	-0.166333	0.272494	10.547	-16.5055	-3.1042
54700	0.837479	-0.166558	0.272454	10.5469	-16.5051	-3.10494
54800	0.839042	-0.166783	0.272415	10.5469	-16.5047	-3.10567
54900	0.840604	-0.167008	0.272375	10.5469	-16.5043	-3.10641
55000	0.842167	-0.167234	0.272336	10.5469	-16.5039	-3.10715
55100	0.843729	-0.167459	0.272296	10.5469	-16.5034	-3.10788
55200	0.845292	-0.167684	0.272257	10.5468	-16.503	-3.10862
55300	0.846854	-0.16791	0.272217	10.5468	-16.5026	-3.10936
55400	0.848417	-0.168135	0.272177	10.5468	-16.5022	-3.11009
55500	0.849979	-0.16836	0.272138	10.5468	-16.5018	-3.11083
55600	0.851542	-0.168586	0.272098	10.5467	-16.5013	-3.11157
55700	0.853104	-0.168811	0.272059	10.5467	-16.5009	-3.1123
55800	0.854667	-0.169037	0.272019	10.5467	-16.5005	-3.11304
55900	0.85623	-0.169262	0.271979	10.5467	-16.5001	-3.11378
56000	0.857792	-0.169488	0.27194	10.5467	-16.4997	-3.11451
56100	0.859355	-0.169713	0.2719	10.5466	-16.4993	-3.11525
56200	0.860917	-0.169939	0.271861	10.5466	-16.4988	-3.11599
56300	0.86248	-0.170164	0.271821	10.5466	-16.4984	-3.11672
56400	0.864042	-0.17039	0.271781	10.5466	-16.498	-3.11746
56500	0.865605	-0.170616	0.271742	10.5466	-16.4976	-3.1182
56600	0.867167	-0.170841	0.271702	10.5465	-16.4972	-3.11893
56700	0.86873	-0.171067	0.271662	10.5465	-16.4967	-3.11967
56800	0.870293	-0.171293	0.271623	10.5465	-16.4963	-3.12041
56900	0.871855	-0.171518	0.271583	10.5465	-16.4959	-3.12114
57000	0.873418	-0.171744	0.271543	10.5465	-16.4955	-3.12188
57100	0.87498	-0.17197	0.271504	10.5464	-16.4951	-3.12262
57200	0.876543	-0.172196	0.271464	10.5464	-16.4946	-3.12335
57300	0.878106	-0.172422	0.271424	10.5464	-16.4942	-3.12409
57400	0.879668	-0.172647	0.271385	10.5464	-16.4938	-3.12483
57500	0.881231	-0.172873	0.271345	10.5463	-16.4934	-3.12556
57600	0.882793	-0.173099	0.271305	10.5463	-16.493	-3.1263
57700	0.884356	-0.173325	0.271266	10.5463	-16.4926	-3.12703
57800	0.885919	-0.173551	0.271226	10.5463	-16.4921	-3.12777
57900	0.887481	-0.173777	0.271186	10.5463	-16.4917	-3.12851
58000	0.889044	-0.174003	0.271147	10.5462	-16.4913	-3.12924
58100	0.890606	-0.174229	0.271107	10.5462	-16.4909	-3.12998
58200	0.892169	-0.174455	0.271067	10.5462	-16.4905	-3.13072
58300	0.893732	-0.174681	0.271028	10.5462	-16.49	-3.13145
58400	0.895294	-0.174907	0.270988	10.5462	-16.4896	-3.13219
58500	0.896857	-0.175133	0.270948	10.5461	-16.4892	-3.13292
58600	0.89842	-0.175359	0.270908	10.5461	-16.4888	-3.13366
58700	0.899982	-0.175585	0.270869	10.5461	-16.4884	-3.1344
58800	0.901545	-0.175811	0.270829	10.5461	-16.4879	-3.13513
58900	0.903108	-0.176038	0.270789	10.5461	-16.4875	-3.13587
59000	0.90467	-0.176264	0.270749	10.546	-16.4871	-3.1366
59100	0.906233	-0.17649	0.27071	10.546	-16.4867	-3.13734
59200	0.907796	-0.176716	0.27067	10.546	-16.4863	-3.13808
59300	0.909358	-0.176942	0.27063	10.546	-16.4859	-3.13881
59400	0.910921	-0.177169	0.270591	10.5459	-16.4854	-3.13955
59500	0.912484	-0.177395	0.270551	10.5459	-16.485	-3.14028
59600	0.914046	-0.177621	0.270511	10.5459	-16.4846	-3.14102
59700	0.915609	-0.177848	0.270471	10.5459	-16.4842	-3.14175
59800	0.917172	-0.178074	0.270431	10.5459	-16.4838	-3.14249
59900	0.918734	-0.1783	0.270392	10.5458	-16.4833	-3.14323
60000	0.920297	-0.178527	0.270352	10.5458	-16.4829	-3.14396
60100	0.92186	-0.178753	0.270312	10.5458	-16.4825	-3.1447
60200	0.923422	-0.17898	0.270272	10.5458	-16.4821	-3.14543
60300	0.924985	-0.179206	0.270233	10.5458	-16.4817	-3.14617
60400	0.926548	-0.179433	0.270193	10.5457	-16.4812	-3.1469
60500	0.928111	-0.179659	0.270153	10.5457	-16.4808	-3.14764
60600	0.929673	-0.179886	0.270113	10.5457	-16.4804	-3.14838
60700	0.931236	-0.180112	0.270073	10.5457	-16.48	-3.14911
60800	0.932799	-0.180339	0.270034	10.5456	-16.4796	-3.14985
60900	0.934362	-0.180566	0.269994	10.5456	-16.4792	-3.15058
61000	0.935924	-0.180792	0.269954	10.5456	-16.4787	-3.15132
61100	0.937487	-0.181019	0.269914	10.5456	-16.4783	-3.15205
61200	0.93905	-0.181246	0.269874	10.5456	-16.4779	-3.15279
61300	0.940612	-0.181472	0.269835	10.5455	-16.4775	-3.15352
61400	0.942175	-0.181699	0.269795	10.5455	-16.4771	-3.15426
61500	0.943738	-0.181926	0.269755	10.5455	-16.4766	-3.15499
61600	0.945301	-0.182152	0.269715	10.5455	-16.4762	-3.15573
61700	0.946864	-0.182379	0.269675	10.5455	-16.4758	-3.15647
61800	0.948426	-0.182606	0.269635	10.5454	-16.4754	-3.1572
61900	0.949989	-0.182833	0.269595	10.5454	-16.475	-3.15794
62000	0.951552	-0.18306	0.269556	10.5454	-16.4746	-3.15867
62100	0.953115	-0.183287	0.269516	10.5454	-16.4741	-3.15941
62200	0.954677	-0.183514	0.269476	10.5454	-16.4737	-3.16014
62300	0.95624	-0.18374	0.269436	10.5453	-16.4733	-3.16088
62400	0.957803	-0.183967	0.269396	10.5453	-16.4729	-3.16161
62500	0.959366	-0.184194	0.269356	10.5453	-16.4725	-3.16235
62600	0.960929	-0.184421	0.269316	10.5453	-16.472	-3.16308
62700	0.962491	-0.184648	0.269277	10.5452	-16.4716	-3.16382
62800	0.964054	-0.184875	0.269237	10.5452	-16.4712	-3.16455
62900	0.965617	-0.185103	0.269197	10.5452	-16.4708	-3.16529
63000	0.96718	-0.18533	0.269157	10.5452	-16.4704	-3.16602
63100	0.968743	-0.185557	0.269117	10.5452	-16.47	-3.16676
63200	0.970305	-0.185784	0.269077	10.5451	-16.4695	-3.16749
63300	0.971868	-0.186011	0.269037	10.5451	-16.4691	-3.16823
63400	0.973431	-0.186238	0.268997	10.5451	-16.4687	-3.16896
63500	0.974994	-0.186465	0.268957	10.5451	-16.4683	-3.1697
63600	0.976557	-0.186693	0.268917	10.5451	-16.4679	-3.17043
63700	0.97812	-0.18692	0.268878	10.545	-16.4674	-3.17117
63800	0.979682	-0.187147	0.268838	10.545	-16.467	-3.1719
63900	0.981245	-0.187374	0.268798	10.545	-16.4666	-3.17264
64000	0.982808	-0.187602	0.268758	10.545	-16.4662	-3.17337
64100	0.984371	-0.187829	0.268718	10.545	-16.4658	-3.17411
64200	0.985934	-0.188056	0.268678	10.5449	-16.4654	-3.17484
64300	0.987497	-0.188284	0.268638	10.5449	-16.4649	-3.17557
64400	0.989059	-0.188511	0.268598	10.5449	-16.4645	-3.17631
64500	0.990622	-0.188739	0.268558	10.5449	-16.4641	-3.17704
64600	0.992185	-0.188966	0.268518	10.5448	-16.4637	-3.17778
64700	0.993748	-0.189193	0.268478	10.5448	-16.4633	-3.17851
64800	0.995311	-0.189421	0.268438	10.5448	-16.4629	-3.17925
64900	0.996874	-0.189648	0.268398	10.5448	-16.4624	-3.17998
65000	0.998437	-0.189876	0.268358	10.5448	-16.462	-3.18072
65100	1	-0.190104	0.268318	10.5447	-16.4616	-3.18145
65200	1.00156	-0.190331	0.268278	10.5447	-16.4612	-3.18219
65300	1.00313	-0.190559	0.268238	10.5447	-16.4608	-3.18292
65400	1.00469	-0.190786	0.268198	10.5447	-16.4603	-3.18365
65500	1.00625	-0.191014	0.268158	10.5447	-16.4599	-3.18439
65600	1.00781	-0.191242	0.268118	10.5446	-16.4595	-3.18512
65700	1.00938	-0.191469	0.268078	10.5446	-16.4591	-3.18586
65800	1.01094	-0.191697	0.268038	10.5446	-16.4587	-3.18659
65900	1.0125	-0.191925	0.267998	10.5446	-16.4583	-3.18733
66000	1.01407	-0.192153	0.267958	10.5445	-16.4578	-3.18806
66100	1.01563	-0.19238	0.267918	10.5445	-16.4574	-3.1888
66200	1.01719	-0.192608	0.267878	10.5445	-16.457	-3.18953
66300	1.01875	-0.192836	0.267838	10.5445	-16.4566	-3.19026
66400	1.02032	-0.193064	0.267798	10.5445	-16.4562	-3.191
66500	1.02188	-0.193292	0.267758	10.5444	-16.4558	-3.19173
66600	1.02344	-0.19352	0.267718	10.5444	-16.4553	-3.19247
66700	1.02501	-0.193747	0.267678	10.5444	-16.4549	-3.1932
66800	1.02657	-0.193975	0.267638	10.5444	-16.4545	-3.19393
66900	1.02813	-0.194203	0.267598	10.5444	-16.4541	-3.19467
67000	1.0297	-0.194431	0.267558	10.5443	-16.4537	-3.1954
67100	1.03126	-0.194659	0.267518	10.5443	-16.4532	-3.19614
67200	1.03282	-0.194887	0.267478	10.5443	-16.4528	-3.19687
67300	1.03438	-0.195115	0.267438	10.5443	-16.4524	-3.1976
67400	1.03595	-0.195344	0.267398	10.5443	-16.452	-3.19834
67500	1.03751	-0.195572	0.267358	10.5442	-16.4516	-3.19907
67600	1.03907	-0.1958	0.267318	10.5442	-16.4512	-3.19981
67700	1.04064	-0.196028	0.267278	10.5442	-16.4507	-3.20054
67800	1.0422	-0.196256	0.267237	10.5442	-16.4503	-3.20127
67900	1.04376	-0.196484	0.267197	10.5441	-16.4499	-3.20201
68000	1.04532	-0.196712	0.267157	10.5441	-16.4495	-3.20274
68100	1.04689	-0.196941	0.267117	10.5441	-16.4491	-3.20348
68200	1.04845	-0.197169	0.267077	10.5441	-16.4487	-3.20421
68300	1.05001	-0.197397	0.267037	10.5441	-16.4482	-3.20494
68400	1.05158	-0.197625	0.266997	10.544	-16.4478	-3.20568
68500	1.05314	-0.197854	0.266957	10.544	-16.4474	-3.20641
68600	1.0547	-0.198082	0.266917	10.544	-16.447	-3.20714
68700	1.05627	-0.19831	0.266877	10.544	-16.4466	-3.20788
68800	1.05783	-0.198539	0.266836	10.544	-16.4462	-3.20861
68900	1.05939	-0.198767	0.266796	10.5439	-16.4457	-3.20935
69000	1.06096	-0.198996	0.266756	10.5439	-16.4453	-3.21008
69100	1.06252	-0.199224	0.266716	10.5439	-16.4449	-3.21081
69200	1.06408	-0.199453	0.266676	10.5439	-16.4445	-3.21155
69300	1.06564	-0.199681	0.266636	10.5438	-16.4441	-3.21228
69400	1.06721	-0.19991	0.266596	10.5438	-16.4436	-3.21301
69500	1.06877	-0.200138	0.266555	10.5438	-16.4432	-3.21375
69600	1.07033	-0.200367	0.266515	10.5438	-16.4428	-3.21448
69700	1.0719	-0.200595	0.266475	10.5438	-16.4424	-3.21521
69800	1.07346	-0.200824	0.266435	10.5437	-16.442	-3.21595
69900	1.07502	-0.201053	0.266395	10.5437	-16.4416	-3.21668
70000	1.07659	-0.201281	0.266355	10.5437	-16.4411	-3.21741
70100	1.07815	-0.20151	0.266314	10.5437	-16.4407	-3.21815
70200	1.07971	-0.201739	0.266274	10.5437	-16.4403	-3.21888
70300	1.08127	-0.201967	0.266234	10.5436	-16.4399	-3.21961
70400	1.08284	-0.202196	0.266194	10.5436	-16.4395	-3.22035
70500	1.0844	-0.202425	0.266154	10.5436	-16.4391	-3.22108
70600	1.08596	-0.202654	0.266114	10.5436	-16.4386	-3.22181
70700	1.08753	-0.202882	0.266073	10.5436	-16.4382	-3.22255
70800	1.08909	-0.203111	0.266033	10.5435	-16.4378	-3.22328
70900	1.09065	-0.20334	0.265993	10.5435	-16.4374	-3.22401
71000	1.09222	-0.203569	0.265953	10.5435	-16.437	-3.22475
71100	1.09378	-0.203798	0.265913	10.5435	-16.4366	-3.22548
71200	1.09534	-0.204027	0.265872	10.5434	-16.4361	-3.22621
71300	1.09691	-0.204256	0.265832	10.5434	-16.4357	-3.22694
71400	1.09847	-0.204485	0.265792	10.5434	-16.4353	-3.22768
71500	1.10003	-0.204714	0.265752	10.5434	-16.4349	-3.22841
71600	1.1016	-0.204943	0.265711	10.5434	-16.4345	-3.22914
71700	1.10316	-0.205172	0.265671	10.5433	-16.4341	-3.22988
71800	1.10472	-0.205401	0.265631	10.5433	-16.4336	-3.23061
71900	1.10628	-0.20563	0.265591	10.5433	-16.4332	-3.23134
72000	1.10785	-0.205859	0.26555	10.5433	-16.4328	-3.23207
72100	1.10941	-0.206088	0.26551	10.5433	-16.4324	-3.23281
72200	1.11097	-0.206317	0.26547	10.5432	-16.432	-3.23354
72300	1.11254	-0.206546	0.26543	10.5432	-16.4316	-3.23427
72400	1.1141	-0.206776	0.265389	10.5432	-16.4311	-3.23501
72500	1.11566	-0.207005	0.265349	10.5432	-16.4307	-3.23574
72600	1.11723	-0.207234	0.265309	10.5431	-16.4303	-3.23647
72700	1.11879	-0.207463	0.265269	10.5431	-16.4299	-3.2372
72800	1.12035	-0.207692	0.265228	10.5431	-16.4295	-3.23794
72900	1.12192	-0.207922	0.265188	10.5431	-16.4291	-3.23867
73000	1.12348	-0.208151	0.265148	10.5431	-16.4286	-3.2394
73100	1.12504	-0.20838	0.265107	10.543	-16.4282	-3.24013
73200	1.12661	-0.20861	0.265067	10.543	-16.4278	-3.24087
73300	1.12817	-0.208839	0.265027	10.543	-16.4274	-3.2416
73400	1.12973	-0.209069	0.264987	10.543	-16.427	-3.24233
73500	1.1313	-0.209298	0.264946	10.543	-16.4266	-3.24306
73600	1.13286	-0.209528	0.264906	10.5429	-16.4261	-3.2438
73700	1.13442	-0.209757	0.264866	10.5429	-16.4257	-3.24453
73800	1.13598	-0.209986	0.264825	10.5429	-16.4253	-3.24526
73900	1.13755	-0.210216	0.264785	10.5429	-16.4249	-3.24599
74000	1.13911	-0.210446	0.264745	10.5428	-16.4245	-3.24673
74100	1.14067	-0.210675	0.264704	10.5428	-16.4241	-3.24746
74200	1.14224	-0.210905	0.264664	10.5428	-16.4236	-3.24819
74300	1.1438	-0.211134	0.264624	10.5428	-16.4232	-3.24892
74400	1.14536	-0.211364	0.264583	10.5428	-16.4228	-3.24966
74500	1.14693	-0.211594	0.264543	10.5427	-16.4224	-3.25039
74600	1.14849	-0.211823	0.264503	10.5427	-16.422	-3.25112
74700	1.15005	-0.212053	0.264462	10.5427	-16.4216	-3.25185
74800	1.15162	-0.212283	0.264422	10.5427	-16.4211	-3.25259
74900	1.15318	-0.212512	0.264382	10.5427	-16.4207	-3.25332
75000	1.15474	-0.212742	0.264341	10.5426	-16.4203	-3.25405
75100	1.15631	-0.212972	0.264301	10.5426	-16.4199	-3.25478
75200	1.15787	-0.213202	0.26426	10.5426	-16.4195	-3.25551
75300	1.15943	-0.213432	0.26422	10.5426	-16.4191	-3.25625
75400	1.161	-0.213662	0.26418	10.5426	-16.4186	-3.25698
75500	1.16256	-0.213891	0.264139	10.5425	-16.4182	-3.25771
75600	1.16412	-0.214121	0.264099	10.5425	-16.4178	-3.25844
75700	1.16569	-0.214351	0.264059	10.5425	-16.4174	-3.25917
75800	1.16725	-0.214581	0.264018	10.5425	-16.417	-3.25991
75900	1.16881	-0.214811	0.263978	10.5424	-16.4166	-3.26064
76000	1.17038	-0.215041	0.263937	10.5424	-16.4161	-3.26137
76100	1.17194	-0.215271	0.263897	10.5424	-16.4157	-3.2621
76200	1.1735	-0.215501	0.263857	10.5424	-16.4153	-3.26283
76300	1.17507	-0.215731	0.263816	10.5424	-16.4149	-3.26357
76400	1.17663	-0.215961	0.263776	10.5423	-16.4145	-3.2643
76500	1.17819	-0.216191	0.263735	10.5423	-16.4141	-3.26503
76600	1.17976	-0.216422	0.263695	10.5423	-16.4136	-3.26576
76700	1.18132	-0.216652	0.263654	10.5423	-16.4132	-3.26649
76800	1.18288	-0.216882	0.263614	10.5423	-16.4128	-3.26722
76900	1.18445	-0.217112	0.263574	10.5422	-16.4124	-3.26796
77000	1.18601	-0.217342	0.263533	10.5422	-16.412	-3.26869
77100	1.18757	-0.217573	0.263493	10.5422	-16.4116	-3.26942
77200	1.18914	-0.217803	0.263452	10.5422	-16.4112	-3.27015
77300	1.1907	-0.218033	0.263412	10.5421	-16.4107	-3.27088
77400	1.19226	-0.218263	0.263371	10.5421	-16.4103	-3.27161
77500	1.19383	-0.218494	0.263331	10.5421	-16.4099	-3.27235
77600	1.19539	-0.218724	0.26329	10.5421	-16.4095	-3.27308
77700	1.19695	-0.218954	0.26325	10.5421	-16.4091	-3.27381
77800	1.19852	-0.219185	0.263209	10.542	-16.4087	-3.27454
77900	1.20008	-0.219415	0.263169	10.542	-16.4082	-3.27527
78000	1.20164	-0.219646	0.263128	10.542	-16.4078	-3.276
78100	1.20321	-0.219876	0.263088	10.542	-16.4074	-3.27673
78200	1.20477	-0.220107	0.263047	10.542	-16.407	-3.27747
78300	1.20633	-0.220337	0.263007	10.5419	-16.4066	-3.2782
78400	1.2079	-0.220568	0.262966	10.5419	-16.4062	-3.27893
78500	1.20946	-0.220798	0.262926	10.5419	-16.4057	-3.27966
78600	1.21102	-0.221029	0.262885	10.5419	-16.4053	-3.28039
78700	1.21259	-0.221259	0.262845	10.5418	-16.4049	-3.28112
78800	1.21415	-0.22149	0.262804	10.5418	-16.4045	-3.28185
78900	1.21571	-0.221721	0.262764	10.5418	-16.4041	-3.28259
79000	1.21728	-0.221951	0.262723	10.5418	-16.4037	-3.28332
79100	1.21884	-0.222182	0.262683	10.5418	-16.4032	-3.28405
79200	1.2204	-0.222413	0.262642	10.5417	-16.4028	-3.28478
79300	1.22197	-0.222643	0.262602	10.5417	-16.4024	-3.28551
79400	1.22353	-0.222874	0.262561	10.5417	-16.402	-3.28624
79500	1.22509	-0.223105	0.262521	10.5417	-16.4016	-3.28697
79600	1.22666	-0.223336	0.26248	10.5417	-16.4012	-3.2877
79700	1.22822	-0.223567	0.26244	10.5416	-16.4008	-3.28843
79800	1.22978	-0.223797	0.262399	10.5416	-16.4003	-3.28917
79900	1.23135	-0.224028	0.262358	10.5416	-16.3999	-3.2899
80000	1.23291	-0.224259	0.262318	10.5416	-16.3995	-3.29063
80100	1.23447	-0.22449	0.262277	10.5416	-16.3991	-3.29136
80200	1.23604	-0.224721	0.262237	10.5415	-16.3987	-3.29209
80300	1.2376	-0.224952	0.262196	10.5415	-16.3983	-3.29282
80400	1.23916	-0.225183	0.262156	10.5415	-16.3978	-3.29355
80500	1.24073	-0.225414	0.262115	10.5415	-16.3974	-3.29428
80600	1.24229	-0.225645	0.262074	10.5414	-16.397	-3.29501
80700	1.24385	-0.225876	0.262034	10.5414	-16.3966	-3.29574
80800	1.24542	-0.226107	0.261993	10.5414	-16.3962	-3.29647
80900	1.24698	-0.226338	0.261953	10.5414	-16.3958	-3.2972
81000	1.24855	-0.226569	0.261912	10.5414	-16.3953	-3.29794
81100	1.25011	-0.2268	0.261871	10.5413	-16.3949	-3.29867
81200	1.25167	-0.227031	0.261831	10.5413	-16.3945	-3.2994
81300	1.25324	-0.227263	0.26179	10.5413	-16.3941	-3.30013
81400	1.2548	-0.227494	0.26175	10.5413	-16.3937	-3.30086
81500	1.25636	-0.227725	0.261709	10.5413	-16.3933	-3.30159
81600	1.25793	-0.227956	0.261668	10.5412	-16.3929	-3.30232
81700	1.25949	-0.228188	0.261628	10.5412	-16.3924	-3.30305
81800	1.26105	-0.228419	0.261587	10.5412	-16.392	-3.30378
81900	1.26262	-0.22865	0.261546	10.5412	-16.3916	-3.30451
82000	1.26418	-0.228881	0.261506	10.5411	-16.3912	-3.30524
82100	1.26574	-0.229113	0.261465	10.5411	-16.3908	-3.30597
82200	1.26731	-0.229344	0.261425	10.5411	-16.3904	-3.3067
82300	1.26887	-0.229576	0.261384	10.5411	-16.3899	-3.30743
82400	1.27043	-0.229807	0.261343	10.5411	-16.3895	-3.30816
82500	1.272	-0.230038	0.261303	10.541	-16.3891	-3.30889
82600	1.27356	-0.23027	0.261262	10.541	-16.3887	-3.30962
82700	1.27512	-0.230501	0.261221	10.541	-16.3883	-3.31035
82800	1.27669	-0.230733	0.261181	10.541	-16.3879	-3.31108
82900	1.27825	-0.230964	0.26114	10.541	-16.3875	-3.31182
83000	1.27982	-0.231196	0.261099	10.5409	-16.387	-3.31255
83100	1.28138	-0.231428	0.261059	10.5409	-16.3866	-3.31328
83200	1.28294	-0.231659	0.261018	10.5409	-16.3862	-3.31401
83300	1.28451	-0.231891	0.260977	10.5409	-16.3858	-3.31474
83400	1.28607	-0.232122	0.260936	10.5408	-16.3854	-3.31547
83500	1.28763	-0.232354	0.260896	10.5408	-16.385	-3.3162
83600	1.2892	-0.232586	0.260855	10.5408	-16.3845	-3.31693
83700	1.29076	-0.232817	0.260814	10.5408	-16.3841	-3.31766
83800	1.29232	-0.233049	0.260774	10.5408	-16.3837	-3.31839
83900	1.29389	-0.233281	0.260733	10.5407	-16.3833	-3.31912
84000	1.29545	-0.233513	0.260692	10.5407	-16.3829	-3.31985
84100	1.29701	-0.233745	0.260651	10.5407	-16.3825	-3.32058
84200	1.29858	-0.233976	0.260611	10.5407	-16.3821	-3.32131
84300	1.30014	-0.234208	0.26057	10.5407	-16.3816	-3.32204
84400	1.30171	-0.23444	0.260529	10.5406	-16.3812	-3.32277
84500	1.30327	-0.234672	0.260489	10.5406	-16.3808	-3.3235
84600	1.30483	-0.234904	0.260448	10.5406	-16.3804	-3.32423
84700	1.3064	-0.235136	0.260407	10.5406	-16.38	-3.32496
84800	1.30796	-0.235368	0.260366	10.5405	-16.3796	-3.32569
84900	1.30952	-0.2356	0.260326	10.5405	-16.3792	-3.32642
85000	1.31109	-0.235832	0.260285	10.5405	-16.3787	-3.32715
85100	1.31265	-0.236064	0.260244	10.5405	-16.3783	-3.32788
85200	1.31421	-0.236296	0.260203	10.5405	-16.3779	-3.3286
85300	1.31578	-0.236528	0.260162	10.5404	-16.3775	-3.32933
85400	1.31734	-0.23676	0.260122	10.5404	-16.3771	-3.33006
85500	1.31891	-0.236992	0.260081	10.5404	-16.3767	-3.33079
85600	1.32047	-0.237224	0.26004	10.5404	-16.3762	-3.33152
85700	1.32203	-0.237456	0.259999	10.5404	-16.3758	-3.33225
85800	1.3236	-0.237689	0.259959	10.5403	-16.3754	-3.33298
85900	1.32516	-0.237921	0.259918	10.5403	-16.375	-3.33371
86000	1.32672	-0.238153	0.259877	10.5403	-16.3746	-3.33444
86100	1.32829	-0.238385	0.259836	10.5403	-16.3742	-3.33517
86200	1.32985	-0.238617	0.259795	10.5402	-16.3738	-3.3359
86300	1.33141	-0.23885	0.259755	10.5402	-16.3733	-3.33663
86400	1.33298	-0.239082	0.259714	10.5402	-16.3729	-3.33736
86500	1.33454	-0.239314	0.259673	10.5402	-16.3725	-3.33809
86600	1.33611	-0.239547	0.259632	10.5402	-16.3721	-3.33882
86700	1.33767	-0.239779	0.259591	10.5401	-16.3717	-3.33955
86800	1.33923	-0.240011	0.25955	10.5401	-16.3713	-3.34028
86900	1.3408	-0.240244	0.25951	10.5401	-16.3709	-3.34101
87000	1.34236	-0.240476	0.259469	10.5401	-16.3704	-3.34174
87100	1.34392	-0.240709	0.259428	10.5401	-16.37	-3.34247
87200	1.34549	-0.240941	0.259387	10.54	-16.3696	-3.34319
87300	1.34705	-0.241174	0.259346	10.54	-16.3692	-3.34392
87400	1.34861	-0.241406	0.259305	10.54	-16.3688	-3.34465
87500	1.35018	-0.241639	0.259264	10.54	-16.3684	-3.34538
87600	1.35174	-0.241871	0.259224	10.54	-16.368	-3.34611
87700	1.35331	-0.242104	0.259183	10.5399	-16.3675	-3.34684
87800	1.35487	-0.242337	0.259142	10.5399	-16.3671	-3.34757
87900	1.35643	-0.242569	0.259101	10.5399	-16.3667	-3.3483
88000	1.358	-0.242802	0.25906	10.5399	-16.3663	-3.34903
88100	1.35956	-0.243035	0.259019	10.5398	-16.3659	-3.34976
88200	1.36112	-0.243267	0.258978	10.5398	-16.3655	-3.35049
88300	1.36269	-0.2435	0.258937	10.5398	-16.3651	-3.35122
88400	1.36425	-0.243733	0.258897	10.5398	-16.3646	-3.35194
88500	1.36582	-0.243966	0.258856	10.5398	-16.3642	-3.35267
88600	1.36738	-0.244198	0.258815	10.5397	-16.3638	-3.3534
88700	1.36894	-0.244431	0.258774	10.5397	-16.3634	-3.35413
88800	1.37051	-0.244664	0.258733	10.5397	-16.363	-3.35486
88900	1.37207	-0.244897	0.258692	10.5397	-16.3626	-3.35559
89000	1.37363	-0.24513	0.258651	10.5397	-16.3621	-3.35632
89100	1.3752	-0.245363	0.25861	10.5396	-16.3617	-3.35705
89200	1.37676	-0.245596	0.258569	10.5396	-16.3613	-3.35778
89300	1.37833	-0.245829	0.258528	10.5396	-16.3609	-3.3585
89400	1.37989	-0.246062	0.258487	10.5396	-16.3605	-3.35923
89500	1.38145	-0.246295	0.258447	10.5395	-16.3601	-3.35996
89600	1.38302	-0.246528	0.258406	10.5395	-16.3597	-3.36069
89700	1.38458	-0.246761	0.258365	10.5395	-16.3592	-3.36142
89800	1.38614	-0.246994	0.258324	10.5395	-16.3588	-3.36215
89900	1.38771	-0.247227	0.258283	10.5395	-16.3584	-3.36288
90000	1.38927	-0.24746	0.258242	10.5394	-16.358	-3.3636
90100	1.39084	-0.247693	0.258201	10.5394	-16.3576	-3.36433
90200	1.3924	-0.247926	0.25816	10.5394	-16.3572	-3.36506
90300	1.39396	-0.248159	0.258119	10.5394	-16.3568	-3.36579
90400	1.39553	-0.248393	0.258078	10.5394	-16.3563	-3.36652
90500	1.39709	-0.248626	0.258037	10.5393	-16.3559	-3.36725
90600	1.39866	-0.248859	0.257996	10.5393	-16.3555	-3.36798
90700	1.40022	-0.249092	0.257955	10.5393	-16.3551	-3.3687
90800	1.40178	-0.249326	0.257914	10.5393	-16.3547	-3.36943
90900	1.40335	-0.249559	0.257873	10.5392	-16.3543	-3.37016
91000	1.40491	-0.249792	0.257832	10.5392	-16.3539	-3.37089
91100	1.40647	-0.250026	0.257791	10.5392	-16.3534	-3.37162
91200	1.40804	-0.250259	0.25775	10.5392	-16.353	-3.37235
91300	1.4096	-0.250492	0.257709	10.5392	-16.3526	-3.37307
91400	1.41117	-0.250726	0.257668	10.5391	-16.3522	-3.3738
91500	1.41273	-0.250959	0.257627	10.5391	-16.3518	-3.37453
91600	1.41429	-0.251193	0.257586	10.5391	-16.3514	-3.37526
91700	1.41586	-0.251426	0.257545	10.5391	-16.351	-3.37599
91800	1.41742	-0.25166	0.257504	10.5391	-16.3505	-3.37672
91900	1.41899	-0.251893	0.257463	10.539	-16.3501	-3.37744
92000	1.42055	-0.252127	0.257422	10.539	-16.3497	-3.37817
92100	1.42211	-0.25236	0.257381	10.539	-16.3493	-3.3789
92200	1.42368	-0.252594	0.25734	10.539	-16.3489	-3.37963
92300	1.42524	-0.252828	0.257299	10.5389	-16.3485	-3.38036
92400	1.4268	-0.253061	0.257258	10.5389	-16.3481	-3.38108
92500	1.42837	-0.253295	0.257217	10.5389	-16.3477	-3.38181
92600	1.42993	-0.253529	0.257176	10.5389	-16.3472	-3.38254
92700	1.4315	-0.253762	0.257134	10.5389	-16.3468	-3.38327
92800	1.43306	-0.253996	0.257093	10.5388	-16.3464	-3.384
92900	1.43462	-0.25423	0.257052	10.5388	-16.346	-3.38472
93000	1.43619	-0.254464	0.257011	10.5388	-16.3456	-3.38545
