100	-0.00865758	8.54786e-05	0.0139064	0.0011346	-0.00172863
200	-0.00734838	0.000195875	0.0128667	0.0011129	-0.00306169
300	-0.00609696	0.000292482	0.0126238	0.000869829	-0.0024093
400	-0.00485747	0.000365864	0.0125775	0.000639312	0.000198843
500	-0.00361348	0.000416419	0.0126102	0.000446326	0.00445626
600	-0.0023579	0.000443825	0.0126735	0.000196095	0.00995971
700	-0.00108754	0.000450387	0.0127825	-2.3595e-05	0.0163785
800	0.000196757	0.000437927	0.0129044	-0.000204888	0.0235089
900	0.00149535	0.000411097	0.0129511	-0.000393973	0.0311127
1000	0.00280972	0.000364733	0.013053	-0.000530101	0.0389252
1100	0.00413666	0.000309051	0.013159	-0.000616391	0.0470438
1200	0.00547838	0.000241394	0.0132697	-0.000804999	0.0551146
1300	0.00683636	0.000159074	0.0133478	-0.000894057	0.0629095
1400	0.00820502	6.81969e-05	0.013424	-0.000980561	0.0706455
1500	0.00958414	-3.08068e-05	0.0134985	-0.00106225	0.0782499
1600	0.0109735	-0.000137879	0.0135539	-0.00115416	0.0856872
1700	0.0123732	-0.000252996	0.0136321	-0.00122142	0.0929976
1800	0.0137826	-0.00037429	0.0137055	-0.00128424	0.100016
1900	0.0152016	-0.000502798	0.0138131	-0.00138398	0.106527
2000	0.0166336	-0.00063891	0.0138766	-0.00142994	0.11262
2100	0.0180735	-0.000779519	0.0139417	-0.00147704	0.118448
2200	0.0195211	-0.000924537	0.0140043	-0.00152231	0.123995
2300	0.0209759	-0.00107449	0.014075	-0.00158402	0.129107
2400	0.0224375	-0.00122808	0.0141179	-0.00160632	0.134037
2500	0.0239055	-0.00138523	0.0141774	-0.00166295	0.138701
2600	0.0253792	-0.00154683	0.0142165	-0.0016814	0.142922
2700	0.0268594	-0.00171387	0.014257	-0.00174577	0.146845
2800	0.0283412	-0.00188707	0.0142659	-0.00179769	0.150165
2900	0.0298275	-0.00206058	0.0143322	-0.00179091	0.153628
3000	0.0313173	-0.00223732	0.0143351	-0.00184193	0.156821
3100	0.0328114	-0.00241683	0.014368	-0.00186466	0.159616
3200	0.0343088	-0.0025976	0.0143994	-0.00188379	0.162468
3300	0.0358101	-0.0027801	0.0144358	-0.00187406	0.165137
3400	0.037315	-0.00296549	0.0144565	-0.00192361	0.167413
3500	0.0388231	-0.00315172	0.014486	-0.00194096	0.169751
3600	0.0403342	-0.00333989	0.0145236	-0.00197566	0.171844
3700	0.0418482	-0.00353005	0.0145357	-0.00197476	0.173719
3800	0.043365	-0.00372103	0.014558	-0.00199028	0.175593
3900	0.0448844	-0.00391399	0.0145953	-0.0020229	0.177177
4000	0.0464061	-0.00410821	0.0145993	-0.00201944	0.178687
4100	0.0479303	-0.0043033	0.0146182	-0.0020327	0.180149
4200	0.0494566	-0.00449984	0.014646	-0.00206303	0.181419
4300	0.0509848	-0.00469807	0.0146529	-0.0020576	0.182472
4400	0.052515	-0.00489668	0.0146683	-0.00206885	0.183576
4500	0.054047	-0.00509634	0.0146837	-0.00207966	0.184562
4600	0.0555807	-0.00529758	0.014714	-0.00210757	0.185291
4700	0.0571159	-0.00549953	0.0147103	-0.00209965	0.186018
4800	0.0586527	-0.00570204	0.0147226	-0.00210861	0.186719
4900	0.0601908	-0.0059054	0.0147347	-0.00211724	0.187323
5000	0.0617304	-0.00610956	0.0147462	-0.00212544	0.187836
5100	0.0632711	-0.00631449	0.014757	-0.00213319	0.188264
5200	0.0648129	-0.006521	0.014762	-0.00214106	0.188417
5300	0.0663559	-0.00672733	0.0147743	-0.00214725	0.188726
5400	0.0678999	-0.0069343	0.0147831	-0.00215365	0.188963
5500	0.0694449	-0.00714186	0.0147915	-0.00215978	0.189132
5600	0.0709908	-0.00735001	0.0147994	-0.00216558	0.189237
5700	0.0725376	-0.00755871	0.0148069	-0.00217105	0.189283
5800	0.0740852	-0.00776792	0.0148139	-0.00217622	0.189273
5900	0.0756335	-0.00797763	0.0148204	-0.00218109	0.189212
6000	0.0771826	-0.00818779	0.0148265	-0.00218568	0.189102
6100	0.0787324	-0.0083984	0.0148322	-0.00219	0.188948
6200	0.0802828	-0.00860942	0.0148376	-0.00219408	0.188752
6300	0.0818339	-0.00882083	0.0148426	-0.00219792	0.188517
6400	0.0833854	-0.00903262	0.0148473	-0.00220154	0.188246
6500	0.0849375	-0.00924475	0.0148517	-0.00220495	0.187941
6600	0.0864901	-0.00945722	0.0148559	-0.00220817	0.187605
6700	0.0880432	-0.00966999	0.0148597	-0.0022112	0.187239
6800	0.0895967	-0.00988307	0.0148634	-0.00221406	0.186845
6900	0.0911506	-0.0100964	0.0148668	-0.00221676	0.186426
7000	0.092705	-0.0103101	0.0148701	-0.0022193	0.185983
7100	0.0942596	-0.0105239	0.0148731	-0.0022217	0.185518
7200	0.0958146	-0.010738	0.014876	-0.00222396	0.185032
7300	0.09737	-0.0109524	0.0148786	-0.00222609	0.184526
7400	0.0989256	-0.011167	0.0148812	-0.0022281	0.184002
7500	0.100482	-0.0113817	0.0148836	-0.00223	0.183461
7600	0.102038	-0.0115967	0.0148858	-0.00223179	0.182904
7700	0.103594	-0.0118118	0.0148879	-0.00223348	0.182332
7800	0.105151	-0.0120271	0.0148899	-0.00223507	0.181746
7900	0.106708	-0.0122426	0.0148918	-0.00223658	0.181147
8000	0.108265	-0.0124583	0.0148936	-0.00223799	0.180536
8100	0.109822	-0.0126741	0.0148953	-0.00223933	0.179913
8200	0.11138	-0.01289	0.0148969	-0.0022406	0.179279
8300	0.112938	-0.0131061	0.0148984	-0.00224179	0.178635
8400	0.114495	-0.0133223	0.0148998	-0.00224292	0.177981
8500	0.116053	-0.0135386	0.0149011	-0.00224399	0.177319
8600	0.117612	-0.0137551	0.0149024	-0.00224499	0.176648
8700	0.11917	-0.0139716	0.0149036	-0.00224594	0.175969
8800	0.120728	-0.0141883	0.0149047	-0.00224684	0.175283
8900	0.122287	-0.0144051	0.0149058	-0.00224769	0.17459
9000	0.123846	-0.0146219	0.0149068	-0.00224849	0.17389
9100	0.125405	-0.0148389	0.0149078	-0.00224925	0.173184
9200	0.126964	-0.015056	0.0149087	-0.00224996	0.172472
9300	0.128523	-0.015279	0.0149173	-0.0022422	0.17103
9400	0.130083	-0.0154954	0.0149164	-0.00224364	0.170431
9500	0.131642	-0.015712	0.0149158	-0.0022451	0.169813
9600	0.133202	-0.0159287	0.0149158	-0.00224654	0.169176
9700	0.134761	-0.0161456	0.0149159	-0.00224787	0.168521
9800	0.136321	-0.0163627	0.0149161	-0.00224908	0.167851
9900	0.13788	-0.0165799	0.0149163	-0.00225016	0.167167
10000	0.13944	-0.0167972	0.0149166	-0.00225114	0.166471
10100	0.141	-0.0170146	0.0149169	-0.00225203	0.165764
10200	0.14256	-0.0172321	0.0149173	-0.00225283	0.165048
10300	0.14412	-0.0174498	0.0149176	-0.00225355	0.164323
10400	0.14568	-0.0176675	0.0149179	-0.00225421	0.16359
10500	0.147239	-0.0178853	0.0149183	-0.00225481	0.162851
10600	0.1488	-0.0181031	0.0149186	-0.00225536	0.162106
10700	0.15036	-0.0183211	0.0149189	-0.00225586	0.161355
10800	0.15192	-0.0185391	0.0149193	-0.00225632	0.1606
10900	0.15348	-0.0187571	0.0149196	-0.00225674	0.15984
11000	0.15504	-0.0189753	0.0149199	-0.00225713	0.159076
11100	0.1566	-0.0191935	0.0149202	-0.00225748	0.158309
11200	0.15816	-0.0194117	0.0149205	-0.00225781	0.157539
11300	0.159721	-0.01963	0.0149208	-0.00225812	0.156766
11400	0.161281	-0.0198484	0.0149211	-0.0022584	0.155991
11500	0.162841	-0.0200668	0.0149214	-0.00225866	0.155213
11600	0.164402	-0.0202852	0.0149217	-0.00225891	0.154432
11700	0.165962	-0.0205037	0.0149219	-0.00225913	0.15365
11800	0.167523	-0.0207222	0.0149222	-0.00225935	0.152866
11900	0.169083	-0.0209408	0.0149224	-0.00225954	0.152081
12000	0.170644	-0.0211594	0.0149227	-0.00225973	0.151294
12100	0.172204	-0.0213781	0.0149229	-0.0022599	0.150505
12200	0.173765	-0.0215967	0.0149231	-0.00226006	0.149716
12300	0.175325	-0.0218155	0.0149234	-0.00226021	0.148925
12400	0.176886	-0.0220342	0.0149236	-0.00226036	0.148133
12500	0.178446	-0.022253	0.0149238	-0.00226049	0.147339
12600	0.180007	-0.0224719	0.014924	-0.00226062	0.146545
12700	0.181568	-0.0226907	0.0149242	-0.00226074	0.145751
12800	0.183128	-0.0229096	0.0149244	-0.00226085	0.144955
12900	0.184689	-0.0231286	0.0149246	-0.00226095	0.144158
13000	0.18625	-0.0233475	0.0149247	-0.00226105	0.143361
13100	0.18781	-0.0235665	0.0149249	-0.00226115	0.142563
13200	0.189371	-0.0237855	0.0149251	-0.00226124	0.141765
13300	0.190932	-0.0240046	0.0149253	-0.00226132	0.140966
13400	0.192493	-0.0242237	0.0149254	-0.0022614	0.140166
13500	0.194053	-0.0244428	0.0149256	-0.00226148	0.139366
13600	0.195614	-0.0246619	0.0149257	-0.00226155	0.138566
13700	0.197175	-0.0248811	0.0149259	-0.00226162	0.137764
13800	0.198736	-0.0251003	0.0149261	-0.00226169	0.136963
13900	0.200296	-0.0253195	0.0149262	-0.00226175	0.136161
14000	0.201857	-0.0255388	0.0149263	-0.00226181	0.135359
14100	0.203418	-0.0257581	0.0149265	-0.00226186	0.134556
14200	0.204979	-0.0259774	0.0149266	-0.00226192	0.133754
14300	0.20654	-0.0261967	0.0149268	-0.00226197	0.13295
14400	0.208101	-0.0264161	0.0149269	-0.00226202	0.132147
14500	0.209662	-0.0266355	0.014927	-0.00226206	0.131343
14600	0.211222	-0.0268549	0.0149272	-0.00226211	0.130539
14700	0.212783	-0.0270744	0.0149273	-0.00226215	0.129735
14800	0.214344	-0.0272938	0.0149274	-0.00226219	0.128931
14900	0.215905	-0.0275133	0.0149275	-0.00226223	0.128126
15000	0.217466	-0.0277328	0.0149277	-0.00226227	0.127321
15100	0.219027	-0.0279524	0.0149278	-0.0022623	0.126516
15200	0.220588	-0.028172	0.0149279	-0.00226234	0.125711
15300	0.222149	-0.0283916	0.014928	-0.00226237	0.124905
15400	0.22371	-0.0286112	0.0149281	-0.0022624	0.1241
15500	0.225271	-0.0288308	0.0149282	-0.00226243	0.123294
15600	0.226832	-0.0290505	0.0149284	-0.00226246	0.122488
15700	0.228393	-0.0292702	0.0149285	-0.00226249	0.121682
15800	0.229954	-0.0294899	0.0149286	-0.00226251	0.120876
15900	0.231515	-0.0297097	0.0149287	-0.00226254	0.12007
16000	0.233075	-0.0299295	0.0149288	-0.00226257	0.119264
16100	0.234636	-0.0301493	0.0149289	-0.00226259	0.118458
16200	0.236197	-0.0303691	0.014929	-0.00226261	0.117651
16300	0.237758	-0.0305889	0.0149291	-0.00226264	0.116845
16400	0.239319	-0.0308088	0.0149292	-0.00226266	0.116038
16500	0.24088	-0.0310287	0.0149293	-0.00226268	0.115231
16600	0.242441	-0.0312486	0.0149294	-0.0022627	0.114425
16700	0.244003	-0.0314686	0.0149295	-0.00226272	0.113618
16800	0.245564	-0.0316885	0.0149296	-0.00226274	0.112811
16900	0.247125	-0.0319085	0.0149297	-0.00226276	0.112004
17000	0.248686	-0.0321285	0.0149298	-0.00226277	0.111197
17100	0.250247	-0.0323486	0.0149299	-0.00226279	0.11039
17200	0.251808	-0.0325687	0.01493	-0.00226281	0.109583
17300	0.253369	-0.0327887	0.0149301	-0.00226283	0.108776
17400	0.25493	-0.0330089	0.0149302	-0.00226284	0.107969
17500	0.256491	-0.033229	0.0149303	-0.00226286	0.107161
17600	0.258052	-0.0334491	0.0149304	-0.00226287	0.106354
17700	0.259613	-0.0336693	0.0149305	-0.00226289	0.105547
17800	0.261174	-0.0338895	0.0149306	-0.0022629	0.10474
17900	0.262735	-0.0341098	0.0149307	-0.00226292	0.103932
18000	0.264296	-0.03433	0.0149308	-0.00226293	0.103125
18100	0.265857	-0.0345503	0.0149309	-0.00226295	0.102318
18200	0.267418	-0.0347706	0.014931	-0.00226296	0.101511
18300	0.26898	-0.0349909	0.0149311	-0.00226297	0.100703
18400	0.270541	-0.0352113	0.0149312	-0.00226299	0.0998959
18500	0.272102	-0.0354316	0.0149313	-0.002263	0.0990885
18600	0.273663	-0.035652	0.0149314	-0.00226301	0.0982811
18700	0.275224	-0.0358725	0.0149315	-0.00226302	0.0974738
18800	0.276785	-0.0360929	0.0149316	-0.00226304	0.0966664
18900	0.278346	-0.0363134	0.0149317	-0.00226305	0.095859
19000	0.279907	-0.0365338	0.0149318	-0.00226306	0.0950517
19100	0.281468	-0.0367544	0.0149319	-0.00226307	0.0942443
19200	0.28303	-0.0369749	0.0149319	-0.00226308	0.0934369
19300	0.284591	-0.0371954	0.014932	-0.00226309	0.0926296
19400	0.286152	-0.037416	0.0149321	-0.00226311	0.0918222
19500	0.287713	-0.0376366	0.0149322	-0.00226312	0.0910148
19600	0.289274	-0.0378573	0.0149323	-0.00226313	0.0902075
19700	0.290835	-0.0380779	0.0149324	-0.00226314	0.0894002
19800	0.292397	-0.0382986	0.0149325	-0.00226315	0.0885928
19900	0.293958	-0.0385193	0.0149326	-0.00226316	0.0877855
20000	0.295519	-0.03874	0.0149327	-0.00226317	0.0869782
20100	0.29708	-0.0389607	0.0149328	-0.00226318	0.0861709
20200	0.298641	-0.0391815	0.0149329	-0.00226319	0.0853636
20300	0.300202	-0.0394023	0.014933	-0.0022632	0.0845563
20400	0.301764	-0.0396231	0.0149331	-0.00226321	0.0837491
20500	0.303325	-0.039844	0.0149331	-0.00226322	0.0829418
20600	0.304886	-0.0400648	0.0149332	-0.00226323	0.0821346
20700	0.306447	-0.0402857	0.0149333	-0.00226324	0.0813274
20800	0.308008	-0.0405066	0.0149334	-0.00226325	0.0805202
20900	0.30957	-0.0407275	0.0149335	-0.00226326	0.079713
21000	0.311131	-0.0409485	0.0149336	-0.00226327	0.0789058
21100	0.312692	-0.0411695	0.0149337	-0.00226328	0.0780987
21200	0.314253	-0.0413905	0.0149338	-0.00226329	0.0772916
21300	0.315814	-0.0416115	0.0149339	-0.0022633	0.0764844
21400	0.317376	-0.0418325	0.014934	-0.00226331	0.0756774
21500	0.318937	-0.0420536	0.0149341	-0.00226332	0.0748703
21600	0.320498	-0.0422747	0.0149342	-0.00226333	0.0740632
21700	0.322059	-0.0424958	0.0149342	-0.00226334	0.0732562
21800	0.323621	-0.0427169	0.0149343	-0.00226335	0.0724492
21900	0.325182	-0.0429381	0.0149344	-0.00226336	0.0716422
22000	0.326743	-0.0431593	0.0149345	-0.00226336	0.0708352
22100	0.328304	-0.0433805	0.0149346	-0.00226337	0.0700282
22200	0.329866	-0.0436017	0.0149347	-0.00226338	0.0692213
22300	0.331427	-0.043823	0.0149348	-0.00226339	0.0684144
22400	0.332988	-0.0440442	0.0149349	-0.0022634	0.0676075
22500	0.33455	-0.0442655	0.014935	-0.00226341	0.0668006
22600	0.336111	-0.0444868	0.0149351	-0.00226342	0.0659938
22700	0.337672	-0.0447082	0.0149351	-0.00226343	0.065187
22800	0.339233	-0.0449296	0.0149352	-0.00226344	0.0643802
22900	0.340795	-0.0451509	0.0149353	-0.00226345	0.0635734
23000	0.342356	-0.0453724	0.0149354	-0.00226346	0.0627667
23100	0.343917	-0.0455938	0.0149355	-0.00226346	0.0619599
23200	0.345479	-0.0458153	0.0149356	-0.00226347	0.0611532
23300	0.34704	-0.0460367	0.0149357	-0.00226348	0.0603465
23400	0.348601	-0.0462582	0.0149358	-0.00226349	0.0595399
23500	0.350162	-0.0464798	0.0149359	-0.0022635	0.0587332
23600	0.351724	-0.0467013	0.014936	-0.00226351	0.0579266
23700	0.353285	-0.0469229	0.014936	-0.00226352	0.05712
23800	0.354846	-0.0471445	0.0149361	-0.00226353	0.0563135
23900	0.356408	-0.0473661	0.0149362	-0.00226354	0.0555069
24000	0.357969	-0.0475878	0.0149363	-0.00226354	0.0547004
24100	0.35953	-0.0478094	0.0149364	-0.00226355	0.0538939
24200	0.361092	-0.0480311	0.0149365	-0.00226356	0.0530874
24300	0.362653	-0.0482528	0.0149366	-0.00226357	0.052281
24400	0.364214	-0.0484746	0.0149367	-0.00226358	0.0514746
24500	0.365776	-0.0486963	0.0149368	-0.00226359	0.0506682
24600	0.367337	-0.0489181	0.0149369	-0.0022636	0.0498618
24700	0.368899	-0.0491399	0.0149369	-0.0022636	0.0490555
24800	0.37046	-0.0493617	0.014937	-0.00226361	0.0482491
24900	0.372021	-0.0495836	0.0149371	-0.00226362	0.0474429
25000	0.373583	-0.0498055	0.0149372	-0.00226363	0.0466366
25100	0.375144	-0.0500274	0.0149373	-0.00226364	0.0458303
25200	0.376705	-0.0502493	0.0149374	-0.00226365	0.0450241
25300	0.378267	-0.0504712	0.0149375	-0.00226366	0.0442179
25400	0.379828	-0.0506932	0.0149376	-0.00226367	0.0434118
25500	0.38139	-0.0509152	0.0149377	-0.00226367	0.0426056
25600	0.382951	-0.0511372	0.0149378	-0.00226368	0.0417995
25700	0.384512	-0.0513592	0.0149378	-0.00226369	0.0409934
25800	0.386074	-0.0515813	0.0149379	-0.0022637	0.0401873
25900	0.387635	-0.0518034	0.014938	-0.00226371	0.0393813
26000	0.389197	-0.0520255	0.0149381	-0.00226372	0.0385753
26100	0.390758	-0.0522476	0.0149382	-0.00226373	0.0377693
26200	0.392319	-0.0524697	0.0149383	-0.00226373	0.0369633
26300	0.393881	-0.0526919	0.0149384	-0.00226374	0.0361574
26400	0.395442	-0.0529141	0.0149385	-0.00226375	0.0353514
26500	0.397004	-0.0531363	0.0149386	-0.00226376	0.0345456
26600	0.398565	-0.0533586	0.0149387	-0.00226377	0.0337397
26700	0.400127	-0.0535808	0.0149387	-0.00226378	0.0329339
26800	0.401688	-0.0538031	0.0149388	-0.00226379	0.032128
26900	0.403249	-0.0540254	0.0149389	-0.00226379	0.0313222
27000	0.404811	-0.0542478	0.014939	-0.0022638	0.0305165
27100	0.406372	-0.0544701	0.0149391	-0.00226381	0.0297108
27200	0.407934	-0.0546925	0.0149392	-0.00226382	0.028905
27300	0.409495	-0.0549149	0.0149393	-0.00226383	0.0280994
27400	0.411057	-0.0551373	0.0149394	-0.00226384	0.0272937
27500	0.412618	-0.0553598	0.0149395	-0.00226385	0.0264881
27600	0.41418	-0.0555822	0.0149396	-0.00226385	0.0256825
27700	0.415741	-0.0558047	0.0149396	-0.00226386	0.0248769
27800	0.417303	-0.0560272	0.0149397	-0.00226387	0.0240713
27900	0.418864	-0.0562498	0.0149398	-0.00226388	0.0232658
28000	0.420426	-0.0564723	0.0149399	-0.00226389	0.0224603
28100	0.421987	-0.0566949	0.01494	-0.0022639	0.0216548
28200	0.423549	-0.0569175	0.0149401	-0.00226391	0.0208493
28300	0.42511	-0.0571402	0.0149402	-0.00226391	0.0200439
28400	0.426672	-0.0573628	0.0149403	-0.00226392	0.0192385
28500	0.428233	-0.0575855	0.0149404	-0.00226393	0.0184331
28600	0.429795	-0.0578082	0.0149405	-0.00226394	0.0176278
28700	0.431356	-0.0580309	0.0149405	-0.00226395	0.0168225
28800	0.432918	-0.0582537	0.0149406	-0.00226396	0.0160172
28900	0.434479	-0.0584764	0.0149407	-0.00226397	0.0152119
29000	0.436041	-0.0586992	0.0149408	-0.00226397	0.0144067
29100	0.437602	-0.0589221	0.0149409	-0.00226398	0.0136014
29200	0.439164	-0.0591449	0.014941	-0.00226399	0.0127962
29300	0.440725	-0.0593678	0.0149411	-0.002264	0.0119911
29400	0.442287	-0.0595906	0.0149412	-0.00226401	0.0111859
29500	0.443848	-0.0598135	0.0149413	-0.00226402	0.0103808
29600	0.44541	-0.0600365	0.0149413	-0.00226403	0.00957572
29700	0.446971	-0.0602594	0.0149414	-0.00226403	0.00877066
29800	0.448533	-0.0604824	0.0149415	-0.00226404	0.00796562
29900	0.450095	-0.0607054	0.0149416	-0.00226405	0.00716061
30000	0.451656	-0.0609284	0.0149417	-0.00226406	0.00635562
30100	0.453218	-0.0611515	0.0149418	-0.00226407	0.00555066
30200	0.454779	-0.0613745	0.0149419	-0.00226408	0.00474573
30300	0.456341	-0.0615976	0.014942	-0.00226408	0.00394082
30400	0.457902	-0.0618207	0.0149421	-0.00226409	0.00313594
30500	0.459464	-0.0620439	0.0149422	-0.0022641	0.00233108
30600	0.461026	-0.062267	0.0149422	-0.00226411	0.00152625
30700	0.462587	-0.0624902	0.0149423	-0.00226412	0.000721444
30800	0.464149	-0.0627134	0.0149424	-0.00226413	-8.33351e-05
30900	0.46571	-0.0629367	0.0149425	-0.00226414	-0.000888088
31000	0.467272	-0.0631599	0.0149426	-0.00226414	-0.00169281
31100	0.468834	-0.0633832	0.0149427	-0.00226415	-0.00249752
31200	0.470395	-0.0636065	0.0149428	-0.00226416	-0.00330219
31300	0.471957	-0.0638298	0.0149429	-0.00226417	-0.00410684
31400	0.473518	-0.0640531	0.014943	-0.00226418	-0.00491146
31500	0.47508	-0.0642765	0.0149431	-0.00226419	-0.00571606
31600	0.476642	-0.0644999	0.0149431	-0.0022642	-0.00652063
31700	0.478203	-0.0647233	0.0149432	-0.0022642	-0.00732518
31800	0.479765	-0.0649467	0.0149433	-0.00226421	-0.00812969
31900	0.481327	-0.0651702	0.0149434	-0.00226422	-0.00893419
32000	0.482888	-0.0653937	0.0149435	-0.00226423	-0.00973865
32100	0.48445	-0.0656172	0.0149436	-0.00226424	-0.0105431
32200	0.486012	-0.0658407	0.0149437	-0.00226425	-0.0113475
32300	0.487573	-0.0660643	0.0149438	-0.00226425	-0.0121519
32400	0.489135	-0.0662878	0.0149439	-0.00226426	-0.0129563
32500	0.490696	-0.0665114	0.0149439	-0.00226427	-0.0137606
32600	0.492258	-0.066735	0.014944	-0.00226428	-0.0145649
32700	0.49382	-0.0669587	0.0149441	-0.00226429	-0.0153692
32800	0.495381	-0.0671824	0.0149442	-0.0022643	-0.0161735
32900	0.496943	-0.067406	0.0149443	-0.00226431	-0.0169777
33000	0.498505	-0.0676298	0.0149444	-0.00226431	-0.0177819
33100	0.500067	-0.0678535	0.0149445	-0.00226432	-0.0185861
33200	0.501628	-0.0680772	0.0149446	-0.00226433	-0.0193902
33300	0.50319	-0.068301	0.0149447	-0.00226434	-0.0201944
33400	0.504752	-0.0685248	0.0149448	-0.00226435	-0.0209985
33500	0.506313	-0.0687486	0.0149448	-0.00226436	-0.0218025
33600	0.507875	-0.0689725	0.0149449	-0.00226437	-0.0226066
33700	0.509437	-0.0691964	0.014945	-0.00226437	-0.0234106
33800	0.510998	-0.0694203	0.0149451	-0.00226438	-0.0242146
33900	0.51256	-0.0696442	0.0149452	-0.00226439	-0.0250186
34000	0.514122	-0.0698681	0.0149453	-0.0022644	-0.0258225
34100	0.515684	-0.0700921	0.0149454	-0.00226441	-0.0266265
34200	0.517245	-0.0703161	0.0149455	-0.00226442	-0.0274304
34300	0.518807	-0.0705401	0.0149456	-0.00226442	-0.0282342
34400	0.520369	-0.0707641	0.0149456	-0.00226443	-0.0290381
34500	0.521931	-0.0709882	0.0149457	-0.00226444	-0.0298419
34600	0.523492	-0.0712122	0.0149458	-0.00226445	-0.0306457
34700	0.525054	-0.0714363	0.0149459	-0.00226446	-0.0314494
34800	0.526616	-0.0716605	0.014946	-0.00226447	-0.0322532
34900	0.528177	-0.0718846	0.0149461	-0.00226448	-0.0330569
35000	0.529739	-0.0721088	0.0149462	-0.00226448	-0.0338606
35100	0.531301	-0.072333	0.0149463	-0.00226449	-0.0346642
35200	0.532863	-0.0725572	0.0149464	-0.0022645	-0.0354679
35300	0.534425	-0.0727814	0.0149465	-0.00226451	-0.0362715
35400	0.535986	-0.0730057	0.0149465	-0.00226452	-0.0370751
35500	0.537548	-0.07323	0.0149466	-0.00226453	-0.0378786
35600	0.53911	-0.0734543	0.0149467	-0.00226453	-0.0386822
35700	0.540672	-0.0736786	0.0149468	-0.00226454	-0.0394857
35800	0.542233	-0.0739029	0.0149469	-0.00226455	-0.0402891
35900	0.543795	-0.0741273	0.014947	-0.00226456	-0.0410926
36000	0.545357	-0.0743517	0.0149471	-0.00226457	-0.041896
36100	0.546919	-0.0745761	0.0149472	-0.00226458	-0.0426994
36200	0.548481	-0.0748006	0.0149473	-0.00226459	-0.0435028
36300	0.550042	-0.0750251	0.0149473	-0.00226459	-0.0443061
36400	0.551604	-0.0752495	0.0149474	-0.0022646	-0.0451095
36500	0.553166	-0.0754741	0.0149475	-0.00226461	-0.0459128
36600	0.554728	-0.0756986	0.0149476	-0.00226462	-0.046716
36700	0.55629	-0.0759231	0.0149477	-0.00226463	-0.0475193
36800	0.557852	-0.0761477	0.0149478	-0.00226464	-0.0483225
36900	0.559413	-0.0763723	0.0149479	-0.00226464	-0.0491257
37000	0.560975	-0.076597	0.014948	-0.00226465	-0.0499289
37100	0.562537	-0.0768216	0.0149481	-0.00226466	-0.050732
37200	0.564099	-0.0770463	0.0149482	-0.00226467	-0.0515351
37300	0.565661	-0.077271	0.0149482	-0.00226468	-0.0523382
37400	0.567223	-0.0774957	0.0149483	-0.00226469	-0.0531413
37500	0.568784	-0.0777204	0.0149484	-0.0022647	-0.0539443
37600	0.570346	-0.0779452	0.0149485	-0.0022647	-0.0547473
37700	0.571908	-0.07817	0.0149486	-0.00226471	-0.0555503
37800	0.57347	-0.0783948	0.0149487	-0.00226472	-0.0563533
37900	0.575032	-0.0786196	0.0149488	-0.00226473	-0.0571562
38000	0.576594	-0.0788445	0.0149489	-0.00226474	-0.0579591
38100	0.578156	-0.0790694	0.014949	-0.00226475	-0.058762
38200	0.579717	-0.0792943	0.014949	-0.00226475	-0.0595648
38300	0.581279	-0.0795192	0.0149491	-0.00226476	-0.0603677
38400	0.582841	-0.0797441	0.0149492	-0.00226477	-0.0611705
38500	0.584403	-0.0799691	0.0149493	-0.00226478	-0.0619732
38600	0.585965	-0.0801941	0.0149494	-0.00226479	-0.062776
38700	0.587527	-0.0804191	0.0149495	-0.0022648	-0.0635787
38800	0.589089	-0.0806442	0.0149496	-0.00226481	-0.0643814
38900	0.590651	-0.0808692	0.0149497	-0.00226481	-0.0651841
39000	0.592213	-0.0810943	0.0149498	-0.00226482	-0.0659867
39100	0.593775	-0.0813194	0.0149499	-0.00226483	-0.0667894
39200	0.595336	-0.0815446	0.0149499	-0.00226484	-0.067592
39300	0.596898	-0.0817697	0.01495	-0.00226485	-0.0683945
39400	0.59846	-0.0819949	0.0149501	-0.00226486	-0.0691971
39500	0.600022	-0.0822201	0.0149502	-0.00226486	-0.0699996
39600	0.601584	-0.0824453	0.0149503	-0.00226487	-0.0708021
39700	0.603146	-0.0826705	0.0149504	-0.00226488	-0.0716046
39800	0.604708	-0.0828958	0.0149505	-0.00226489	-0.072407
39900	0.60627	-0.0831211	0.0149506	-0.0022649	-0.0732094
40000	0.607832	-0.0833464	0.0149507	-0.00226491	-0.0740118
40100	0.609394	-0.0835718	0.0149507	-0.00226491	-0.0748142
40200	0.610956	-0.0837971	0.0149508	-0.00226492	-0.0756165
40300	0.612518	-0.0840225	0.0149509	-0.00226493	-0.0764188
40400	0.61408	-0.0842479	0.014951	-0.00226494	-0.0772211
40500	0.615642	-0.0844733	0.0149511	-0.00226495	-0.0780233
40600	0.617204	-0.0846988	0.0149512	-0.00226496	-0.0788256
40700	0.618766	-0.0849243	0.0149513	-0.00226497	-0.0796278
40800	0.620328	-0.0851498	0.0149514	-0.00226497	-0.08043
40900	0.62189	-0.0853753	0.0149515	-0.00226498	-0.0812321
41000	0.623452	-0.0856008	0.0149515	-0.00226499	-0.0820342
41100	0.625014	-0.0858264	0.0149516	-0.002265	-0.0828363
41200	0.626576	-0.086052	0.0149517	-0.00226501	-0.0836384
41300	0.628138	-0.0862776	0.0149518	-0.00226502	-0.0844405
41400	0.6297	-0.0865032	0.0149519	-0.00226502	-0.0852425
41500	0.631262	-0.0867289	0.014952	-0.00226503	-0.0860445
41600	0.632824	-0.0869546	0.0149521	-0.00226504	-0.0868465
41700	0.634386	-0.0871803	0.0149522	-0.00226505	-0.0876484
41800	0.635948	-0.087406	0.0149523	-0.00226506	-0.0884503
41900	0.63751	-0.0876317	0.0149524	-0.00226507	-0.0892522
42000	0.639072	-0.0878575	0.0149524	-0.00226507	-0.0900541
42100	0.640634	-0.0880833	0.0149525	-0.00226508	-0.0908559
42200	0.642196	-0.0883091	0.0149526	-0.00226509	-0.0916578
42300	0.643758	-0.088535	0.0149527	-0.0022651	-0.0924596
42400	0.64532	-0.0887608	0.0149528	-0.00226511	-0.0932613
42500	0.646882	-0.0889867	0.0149529	-0.00226512	-0.0940631
42600	0.648444	-0.0892126	0.014953	-0.00226513	-0.0948648
42700	0.650006	-0.0894386	0.0149531	-0.00226513	-0.0956665
42800	0.651568	-0.0896645	0.0149532	-0.00226514	-0.0964681
42900	0.65313	-0.0898905	0.0149532	-0.00226515	-0.0972698
43000	0.654692	-0.0901165	0.0149533	-0.00226516	-0.0980714
43100	0.656254	-0.0903425	0.0149534	-0.00226517	-0.0988729
43200	0.657816	-0.0905686	0.0149535	-0.00226518	-0.0996745
43300	0.659378	-0.0907946	0.0149536	-0.00226518	-0.100476
43400	0.66094	-0.0910207	0.0149537	-0.00226519	-0.101278
43500	0.662502	-0.0912468	0.0149538	-0.0022652	-0.102079
43600	0.664065	-0.091473	0.0149539	-0.00226521	-0.10288
43700	0.665627	-0.0916991	0.014954	-0.00226522	-0.103682
43800	0.667189	-0.0919253	0.014954	-0.00226523	-0.104483
43900	0.668751	-0.0921515	0.0149541	-0.00226523	-0.105285
44000	0.670313	-0.0923777	0.0149542	-0.00226524	-0.106086
44100	0.671875	-0.092604	0.0149543	-0.00226525	-0.106887
44200	0.673437	-0.0928303	0.0149544	-0.00226526	-0.107689
44300	0.674999	-0.0930566	0.0149545	-0.00226527	-0.10849
44400	0.676561	-0.0932829	0.0149546	-0.00226528	-0.109291
44500	0.678123	-0.0935092	0.0149547	-0.00226528	-0.110092
44600	0.679686	-0.0937356	0.0149548	-0.00226529	-0.110894
44700	0.681248	-0.093962	0.0149549	-0.0022653	-0.111695
44800	0.68281	-0.0941884	0.0149549	-0.00226531	-0.112496
44900	0.684372	-0.0944148	0.014955	-0.00226532	-0.113297
45000	0.685934	-0.0946413	0.0149551	-0.00226533	-0.114098
45100	0.687496	-0.0948678	0.0149552	-0.00226534	-0.114899
45200	0.689058	-0.0950943	0.0149553	-0.00226534	-0.1157
45300	0.690621	-0.0953208	0.0149554	-0.00226535	-0.116501
45400	0.692183	-0.0955474	0.0149555	-0.00226536	-0.117302
45500	0.693745	-0.0957739	0.0149556	-0.00226537	-0.118103
45600	0.695307	-0.0960005	0.0149557	-0.00226538	-0.118904
45700	0.696869	-0.0962271	0.0149557	-0.00226539	-0.119705
45800	0.698431	-0.0964538	0.0149558	-0.00226539	-0.120506
45900	0.699993	-0.0966804	0.0149559	-0.0022654	-0.121307
46000	0.701556	-0.0969071	0.014956	-0.00226541	-0.122108
46100	0.703118	-0.0971338	0.0149561	-0.00226542	-0.122908
46200	0.70468	-0.0973606	0.0149562	-0.00226543	-0.123709
46300	0.706242	-0.0975873	0.0149563	-0.00226544	-0.12451
46400	0.707804	-0.0978141	0.0149564	-0.00226544	-0.125311
46500	0.709367	-0.0980409	0.0149565	-0.00226545	-0.126111
46600	0.710929	-0.0982677	0.0149565	-0.00226546	-0.126912
46700	0.712491	-0.0984946	0.0149566	-0.00226547	-0.127713
46800	0.714053	-0.0987214	0.0149567	-0.00226548	-0.128513
46900	0.715615	-0.0989483	0.0149568	-0.00226549	-0.129314
47000	0.717178	-0.0991753	0.0149569	-0.00226549	-0.130114
47100	0.71874	-0.0994022	0.014957	-0.0022655	-0.130915
47200	0.720302	-0.0996291	0.0149571	-0.00226551	-0.131716
47300	0.721864	-0.0998561	0.0149572	-0.00226552	-0.132516
47400	0.723426	-0.100083	0.0149573	-0.00226553	-0.133316
47500	0.724989	-0.10031	0.0149573	-0.00226554	-0.134117
47600	0.726551	-0.100537	0.0149574	-0.00226555	-0.134917
47700	0.728113	-0.100764	0.0149575	-0.00226555	-0.135718
47800	0.729675	-0.100991	0.0149576	-0.00226556	-0.136518
47900	0.731238	-0.101219	0.0149577	-0.00226557	-0.137318
48000	0.7328	-0.101446	0.0149578	-0.00226558	-0.138119
48100	0.734362	-0.101673	0.0149579	-0.00226559	-0.138919
48200	0.735924	-0.1019	0.014958	-0.0022656	-0.139719
48300	0.737487	-0.102127	0.0149581	-0.0022656	-0.14052
48400	0.739049	-0.102354	0.0149582	-0.00226561	-0.14132
48500	0.740611	-0.102582	0.0149582	-0.00226562	-0.14212
48600	0.742174	-0.102809	0.0149583	-0.00226563	-0.14292
48700	0.743736	-0.103036	0.0149584	-0.00226564	-0.14372
48800	0.745298	-0.103264	0.0149585	-0.00226565	-0.14452
48900	0.74686	-0.103491	0.0149586	-0.00226565	-0.14532
49000	0.748423	-0.103718	0.0149587	-0.00226566	-0.14612
49100	0.749985	-0.103946	0.0149588	-0.00226567	-0.14692
49200	0.751547	-0.104173	0.0149589	-0.00226568	-0.14772
49300	0.75311	-0.104401	0.014959	-0.00226569	-0.14852
49400	0.754672	-0.104628	0.014959	-0.0022657	-0.14932
49500	0.756234	-0.104856	0.0149591	-0.0022657	-0.15012
49600	0.757796	-0.105083	0.0149592	-0.00226571	-0.15092
49700	0.759359	-0.105311	0.0149593	-0.00226572	-0.15172
49800	0.760921	-0.105538	0.0149594	-0.00226573	-0.15252
49900	0.762483	-0.105766	0.0149595	-0.00226574	-0.15332
50000	0.764046	-0.105993	0.0149596	-0.00226575	-0.15412
50100	0.765608	-0.106221	0.0149597	-0.00226575	-0.154919
50200	0.76717	-0.106449	0.0149598	-0.00226576	-0.155719
50300	0.768733	-0.106676	0.0149598	-0.00226577	-0.156519
50400	0.770295	-0.106904	0.0149599	-0.00226578	-0.157318
50500	0.771857	-0.107132	0.01496	-0.00226579	-0.158118
50600	0.77342	-0.107359	0.0149601	-0.0022658	-0.158918
50700	0.774982	-0.107587	0.0149602	-0.0022658	-0.159717
50800	0.776544	-0.107815	0.0149603	-0.00226581	-0.160517
50900	0.778107	-0.108043	0.0149604	-0.00226582	-0.161317
51000	0.779669	-0.108271	0.0149605	-0.00226583	-0.162116
51100	0.781232	-0.108498	0.0149606	-0.00226584	-0.162916
51200	0.782794	-0.108726	0.0149606	-0.00226585	-0.163715
51300	0.784356	-0.108954	0.0149607	-0.00226585	-0.164515
51400	0.785919	-0.109182	0.0149608	-0.00226586	-0.165314
51500	0.787481	-0.10941	0.0149609	-0.00226587	-0.166113
51600	0.789043	-0.109638	0.014961	-0.00226588	-0.166913
51700	0.790606	-0.109866	0.0149611	-0.00226589	-0.167712
51800	0.792168	-0.110094	0.0149612	-0.0022659	-0.168511
51900	0.793731	-0.110322	0.0149613	-0.0022659	-0.169311
52000	0.795293	-0.11055	0.0149614	-0.00226591	-0.17011
52100	0.796855	-0.110778	0.0149614	-0.00226592	-0.170909
52200	0.798418	-0.111006	0.0149615	-0.00226593	-0.171708
52300	0.79998	-0.111234	0.0149616	-0.00226594	-0.172508
52400	0.801543	-0.111463	0.0149617	-0.00226595	-0.173307
52500	0.803105	-0.111691	0.0149618	-0.00226595	-0.174106
52600	0.804667	-0.111919	0.0149619	-0.00226596	-0.174905
52700	0.80623	-0.112147	0.014962	-0.00226597	-0.175704
52800	0.807792	-0.112375	0.0149621	-0.00226598	-0.176503
52900	0.809355	-0.112604	0.0149622	-0.00226599	-0.177302
53000	0.810917	-0.112832	0.0149622	-0.002266	-0.178101
53100	0.81248	-0.11306	0.0149623	-0.002266	-0.1789
53200	0.814042	-0.113289	0.0149624	-0.00226601	-0.179699
53300	0.815605	-0.113517	0.0149625	-0.00226602	-0.180498
53400	0.817167	-0.113745	0.0149626	-0.00226603	-0.181297
53500	0.818729	-0.113974	0.0149627	-0.00226604	-0.182096
53600	0.820292	-0.114202	0.0149628	-0.00226605	-0.182895
53700	0.821854	-0.114431	0.0149629	-0.00226605	-0.183694
53800	0.823417	-0.114659	0.014963	-0.00226606	-0.184493
53900	0.824979	-0.114888	0.014963	-0.00226607	-0.185291
54000	0.826542	-0.115116	0.0149631	-0.00226608	-0.18609
54100	0.828104	-0.115345	0.0149632	-0.00226609	-0.186889
54200	0.829667	-0.115573	0.0149633	-0.0022661	-0.187688
54300	0.831229	-0.115802	0.0149634	-0.0022661	-0.188486
54400	0.832792	-0.11603	0.0149635	-0.00226611	-0.189285
54500	0.834354	-0.116259	0.0149636	-0.00226612	-0.190083
54600	0.835917	-0.116488	0.0149637	-0.00226613	-0.190882
54700	0.837479	-0.116716	0.0149638	-0.00226614	-0.191681
54800	0.839042	-0.116945	0.0149638	-0.00226615	-0.192479
54900	0.840604	-0.117174	0.0149639	-0.00226615	-0.193278
55000	0.842167	-0.117402	0.014964	-0.00226616	-0.194076
55100	0.843729	-0.117631	0.0149641	-0.00226617	-0.194875
55200	0.845292	-0.11786	0.0149642	-0.00226618	-0.195673
55300	0.846854	-0.118089	0.0149643	-0.00226619	-0.196472
55400	0.848417	-0.118318	0.0149644	-0.0022662	-0.19727
55500	0.849979	-0.118546	0.0149645	-0.0022662	-0.198068
55600	0.851542	-0.118775	0.0149646	-0.00226621	-0.198867
55700	0.853104	-0.119004	0.0149646	-0.00226622	-0.199665
55800	0.854667	-0.119233	0.0149647	-0.00226623	-0.200463
55900	0.85623	-0.119462	0.0149648	-0.00226624	-0.201262
56000	0.857792	-0.119691	0.0149649	-0.00226625	-0.20206
56100	0.859355	-0.11992	0.014965	-0.00226625	-0.202858
56200	0.860917	-0.120149	0.0149651	-0.00226626	-0.203656
56300	0.86248	-0.120378	0.0149652	-0.00226627	-0.204454
56400	0.864042	-0.120607	0.0149653	-0.00226628	-0.205253
56500	0.865605	-0.120836	0.0149654	-0.00226629	-0.206051
56600	0.867167	-0.121065	0.0149655	-0.0022663	-0.206849
56700	0.86873	-0.121294	0.0149655	-0.0022663	-0.207647
56800	0.870293	-0.121524	0.0149656	-0.00226631	-0.208445
56900	0.871855	-0.121753	0.0149657	-0.00226632	-0.209243
57000	0.873418	-0.121982	0.0149658	-0.00226633	-0.210041
57100	0.87498	-0.122211	0.0149659	-0.00226634	-0.210839
57200	0.876543	-0.12244	0.014966	-0.00226635	-0.211637
57300	0.878106	-0.12267	0.0149661	-0.00226635	-0.212435
57400	0.879668	-0.122899	0.0149662	-0.00226636	-0.213232
57500	0.881231	-0.123128	0.0149662	-0.00226637	-0.21403
57600	0.882793	-0.123358	0.0149663	-0.00226638	-0.214828
57700	0.884356	-0.123587	0.0149664	-0.00226639	-0.215626
57800	0.885919	-0.123816	0.0149665	-0.0022664	-0.216424
57900	0.887481	-0.124046	0.0149666	-0.0022664	-0.217221
58000	0.889044	-0.124275	0.0149667	-0.00226641	-0.218019
58100	0.890606	-0.124505	0.0149668	-0.00226642	-0.218817
58200	0.892169	-0.124734	0.0149669	-0.00226643	-0.219615
58300	0.893732	-0.124964	0.014967	-0.00226644	-0.220412
58400	0.895294	-0.125193	0.014967	-0.00226645	-0.22121
58500	0.896857	-0.125423	0.0149671	-0.00226645	-0.222007
58600	0.89842	-0.125652	0.0149672	-0.00226646	-0.222805
58700	0.899982	-0.125882	0.0149673	-0.00226647	-0.223603
58800	0.901545	-0.126111	0.0149674	-0.00226648	-0.2244
58900	0.903108	-0.126341	0.0149675	-0.00226649	-0.225198
59000	0.90467	-0.126571	0.0149676	-0.0022665	-0.225995
59100	0.906233	-0.1268	0.0149677	-0.0022665	-0.226792
59200	0.907796	-0.12703	0.0149678	-0.00226651	-0.22759
59300	0.909358	-0.12726	0.0149678	-0.00226652	-0.228387
59400	0.910921	-0.12749	0.0149679	-0.00226653	-0.229185
59500	0.912484	-0.127719	0.014968	-0.00226654	-0.229982
59600	0.914046	-0.127949	0.0149681	-0.00226655	-0.230779
59700	0.915609	-0.128179	0.0149682	-0.00226655	-0.231577
59800	0.917172	-0.128409	0.0149683	-0.00226656	-0.232374
59900	0.918734	-0.128639	0.0149684	-0.00226657	-0.233171
60000	0.920297	-0.128868	0.0149685	-0.00226658	-0.233968
60100	0.92186	-0.129098	0.0149686	-0.00226659	-0.234765
60200	0.923422	-0.129328	0.0149686	-0.00226659	-0.235563
60300	0.924985	-0.129558	0.0149687	-0.0022666	-0.23636
60400	0.926548	-0.129788	0.0149688	-0.00226661	-0.237157
60500	0.928111	-0.130018	0.0149689	-0.00226662	-0.237954
60600	0.929673	-0.130248	0.014969	-0.00226663	-0.238751
60700	0.931236	-0.130478	0.0149691	-0.00226664	-0.239548
60800	0.932799	-0.130708	0.0149692	-0.00226664	-0.240345
60900	0.934362	-0.130938	0.0149693	-0.00226665	-0.241142
61000	0.935924	-0.131169	0.0149694	-0.00226666	-0.241939
61100	0.937487	-0.131399	0.0149694	-0.00226667	-0.242736
61200	0.93905	-0.131629	0.0149695	-0.00226668	-0.243533
61300	0.940612	-0.131859	0.0149696	-0.00226669	-0.24433
61400	0.942175	-0.132089	0.0149697	-0.00226669	-0.245126
61500	0.943738	-0.132319	0.0149698	-0.0022667	-0.245923
61600	0.945301	-0.13255	0.0149699	-0.00226671	-0.24672
61700	0.946864	-0.13278	0.01497	-0.00226672	-0.247517
61800	0.948426	-0.13301	0.0149701	-0.00226673	-0.248314
61900	0.949989	-0.133241	0.0149702	-0.00226674	-0.24911
62000	0.951552	-0.133471	0.0149702	-0.00226674	-0.249907
62100	0.953115	-0.133701	0.0149703	-0.00226675	-0.250704
62200	0.954677	-0.133932	0.0149704	-0.00226676	-0.2515
62300	0.95624	-0.134162	0.0149705	-0.00226677	-0.252297
62400	0.957803	-0.134392	0.0149706	-0.00226678	-0.253093
62500	0.959366	-0.134623	0.0149707	-0.00226679	-0.25389
62600	0.960929	-0.134853	0.0149708	-0.00226679	-0.254687
62700	0.962491	-0.135084	0.0149709	-0.0022668	-0.255483
62800	0.964054	-0.135314	0.014971	-0.00226681	-0.25628
62900	0.965617	-0.135545	0.014971	-0.00226682	-0.257076
63000	0.96718	-0.135775	0.0149711	-0.00226683	-0.257872
63100	0.968743	-0.136006	0.0149712	-0.00226683	-0.258669
63200	0.970305	-0.136237	0.0149713	-0.00226684	-0.259465
63300	0.971868	-0.136467	0.0149714	-0.00226685	-0.260262
63400	0.973431	-0.136698	0.0149715	-0.00226686	-0.261058
63500	0.974994	-0.136929	0.0149716	-0.00226687	-0.261854
63600	0.976557	-0.137159	0.0149717	-0.00226688	-0.26265
63700	0.97812	-0.13739	0.0149718	-0.00226688	-0.263447
63800	0.979682	-0.137621	0.0149718	-0.00226689	-0.264243
63900	0.981245	-0.137852	0.0149719	-0.0022669	-0.265039
64000	0.982808	-0.138082	0.014972	-0.00226691	-0.265835
64100	0.984371	-0.138313	0.0149721	-0.00226692	-0.266631
64200	0.985934	-0.138544	0.0149722	-0.00226693	-0.267428
64300	0.987497	-0.138775	0.0149723	-0.00226693	-0.268224
64400	0.989059	-0.139006	0.0149724	-0.00226694	-0.26902
64500	0.990622	-0.139237	0.0149725	-0.00226695	-0.269816
64600	0.992185	-0.139468	0.0149726	-0.00226696	-0.270612
64700	0.993748	-0.139698	0.0149726	-0.00226697	-0.271408
64800	0.995311	-0.139929	0.0149727	-0.00226698	-0.272204
64900	0.996874	-0.14016	0.0149728	-0.00226698	-0.273
65000	0.998437	-0.140391	0.0149729	-0.00226699	-0.273796
65100	1	-0.140622	0.014973	-0.002267	-0.274592
65200	1.00156	-0.140854	0.0149731	-0.00226701	-0.275387
65300	1.00313	-0.141085	0.0149732	-0.00226702	-0.276183
65400	1.00469	-0.141316	0.0149733	-0.00226702	-0.276979
65500	1.00625	-0.141547	0.0149733	-0.00226703	-0.277775
65600	1.00781	-0.141778	0.0149734	-0.00226704	-0.278571
65700	1.00938	-0.142009	0.0149735	-0.00226705	-0.279366
65800	1.01094	-0.14224	0.0149736	-0.00226706	-0.280162
65900	1.0125	-0.142472	0.0149737	-0.00226707	-0.280958
66000	1.01407	-0.142703	0.0149738	-0.00226707	-0.281753
66100	1.01563	-0.142934	0.0149739	-0.00226708	-0.282549
66200	1.01719	-0.143165	0.014974	-0.00226709	-0.283345
66300	1.01875	-0.143397	0.0149741	-0.0022671	-0.28414
66400	1.02032	-0.143628	0.0149741	-0.00226711	-0.284936
66500	1.02188	-0.143859	0.0149742	-0.00226712	-0.285731
66600	1.02344	-0.144091	0.0149743	-0.00226712	-0.286527
66700	1.02501	-0.144322	0.0149744	-0.00226713	-0.287322
66800	1.02657	-0.144554	0.0149745	-0.00226714	-0.288118
66900	1.02813	-0.144785	0.0149746	-0.00226715	-0.288913
67000	1.0297	-0.145017	0.0149747	-0.00226716	-0.289709
67100	1.03126	-0.145248	0.0149748	-0.00226716	-0.290504
67200	1.03282	-0.14548	0.0149749	-0.00226717	-0.291299
67300	1.03438	-0.145711	0.0149749	-0.00226718	-0.292095
67400	1.03595	-0.145943	0.014975	-0.00226719	-0.29289
67500	1.03751	-0.146174	0.0149751	-0.0022672	-0.293685
67600	1.03907	-0.146406	0.0149752	-0.00226721	-0.29448
67700	1.04064	-0.146638	0.0149753	-0.00226721	-0.295276
67800	1.0422	-0.146869	0.0149754	-0.00226722	-0.296071
67900	1.04376	-0.147101	0.0149755	-0.00226723	-0.296866
68000	1.04532	-0.147333	0.0149756	-0.00226724	-0.297661
68100	1.04689	-0.147564	0.0149757	-0.00226725	-0.298456
68200	1.04845	-0.147796	0.0149757	-0.00226726	-0.299251
68300	1.05001	-0.148028	0.0149758	-0.00226726	-0.300046
68400	1.05158	-0.14826	0.0149759	-0.00226727	-0.300841
68500	1.05314	-0.148491	0.014976	-0.00226728	-0.301636
68600	1.0547	-0.148723	0.0149761	-0.00226729	-0.302431
68700	1.05627	-0.148955	0.0149762	-0.0022673	-0.303226
68800	1.05783	-0.149187	0.0149763	-0.0022673	-0.304021
68900	1.05939	-0.149419	0.0149764	-0.00226731	-0.304816
69000	1.06096	-0.149651	0.0149764	-0.00226732	-0.305611
69100	1.06252	-0.149883	0.0149765	-0.00226733	-0.306406
69200	1.06408	-0.150115	0.0149766	-0.00226734	-0.307201
69300	1.06564	-0.150347	0.0149767	-0.00226735	-0.307996
69400	1.06721	-0.150579	0.0149768	-0.00226735	-0.30879
69500	1.06877	-0.150811	0.0149769	-0.00226736	-0.309585
69600	1.07033	-0.151043	0.014977	-0.00226737	-0.31038
69700	1.0719	-0.151275	0.0149771	-0.00226738	-0.311175
69800	1.07346	-0.151507	0.0149772	-0.00226739	-0.311969
69900	1.07502	-0.151739	0.0149772	-0.0022674	-0.312764
70000	1.07659	-0.151971	0.0149773	-0.0022674	-0.313558
70100	1.07815	-0.152203	0.0149774	-0.00226741	-0.314353
70200	1.07971	-0.152436	0.0149775	-0.00226742	-0.315148
70300	1.08127	-0.152668	0.0149776	-0.00226743	-0.315942
70400	1.08284	-0.1529	0.0149777	-0.00226744	-0.316737
70500	1.0844	-0.153132	0.0149778	-0.00226744	-0.317531
70600	1.08596	-0.153365	0.0149779	-0.00226745	-0.318326
70700	1.08753	-0.153597	0.014978	-0.00226746	-0.31912
70800	1.08909	-0.153829	0.014978	-0.00226747	-0.319915
70900	1.09065	-0.154062	0.0149781	-0.00226748	-0.320709
71000	1.09222	-0.154294	0.0149782	-0.00226749	-0.321503
71100	1.09378	-0.154526	0.0149783	-0.00226749	-0.322298
71200	1.09534	-0.154759	0.0149784	-0.0022675	-0.323092
71300	1.09691	-0.154991	0.0149785	-0.00226751	-0.323886
71400	1.09847	-0.155224	0.0149786	-0.00226752	-0.324681
71500	1.10003	-0.155456	0.0149787	-0.00226753	-0.325475
71600	1.1016	-0.155689	0.0149788	-0.00226753	-0.326269
71700	1.10316	-0.155921	0.0149788	-0.00226754	-0.327063
71800	1.10472	-0.156154	0.0149789	-0.00226755	-0.327857
71900	1.10628	-0.156386	0.014979	-0.00226756	-0.328651
72000	1.10785	-0.156619	0.0149791	-0.00226757	-0.329446
72100	1.10941	-0.156852	0.0149792	-0.00226758	-0.33024
72200	1.11097	-0.157084	0.0149793	-0.00226758	-0.331034
72300	1.11254	-0.157317	0.0149794	-0.00226759	-0.331828
72400	1.1141	-0.15755	0.0149795	-0.0022676	-0.332622
72500	1.11566	-0.157782	0.0149795	-0.00226761	-0.333416
72600	1.11723	-0.158015	0.0149796	-0.00226762	-0.33421
72700	1.11879	-0.158248	0.0149797	-0.00226763	-0.335004
72800	1.12035	-0.158481	0.0149798	-0.00226763	-0.335798
72900	1.12192	-0.158714	0.0149799	-0.00226764	-0.336591
73000	1.12348	-0.158946	0.01498	-0.00226765	-0.337385
73100	1.12504	-0.159179	0.0149801	-0.00226766	-0.338179
73200	1.12661	-0.159412	0.0149802	-0.00226767	-0.338973
73300	1.12817	-0.159645	0.0149803	-0.00226767	-0.339767
73400	1.12973	-0.159878	0.0149803	-0.00226768	-0.34056
73500	1.1313	-0.160111	0.0149804	-0.00226769	-0.341354
73600	1.13286	-0.160344	0.0149805	-0.0022677	-0.342148
73700	1.13442	-0.160577	0.0149806	-0.00226771	-0.342941
73800	1.13598	-0.16081	0.0149807	-0.00226772	-0.343735
73900	1.13755	-0.161043	0.0149808	-0.00226772	-0.344529
74000	1.13911	-0.161276	0.0149809	-0.00226773	-0.345322
74100	1.14067	-0.161509	0.014981	-0.00226774	-0.346116
74200	1.14224	-0.161742	0.014981	-0.00226775	-0.346909
74300	1.1438	-0.161975	0.0149811	-0.00226776	-0.347703
74400	1.14536	-0.162208	0.0149812	-0.00226776	-0.348496
74500	1.14693	-0.162442	0.0149813	-0.00226777	-0.34929
74600	1.14849	-0.162675	0.0149814	-0.00226778	-0.350083
74700	1.15005	-0.162908	0.0149815	-0.00226779	-0.350877
74800	1.15162	-0.163141	0.0149816	-0.0022678	-0.35167
74900	1.15318	-0.163375	0.0149817	-0.00226781	-0.352464
75000	1.15474	-0.163608	0.0149818	-0.00226781	-0.353257
75100	1.15631	-0.163841	0.0149818	-0.00226782	-0.35405
75200	1.15787	-0.164074	0.0149819	-0.00226783	-0.354843
75300	1.15943	-0.164308	0.014982	-0.00226784	-0.355637
75400	1.161	-0.164541	0.0149821	-0.00226785	-0.35643
75500	1.16256	-0.164775	0.0149822	-0.00226785	-0.357223
75600	1.16412	-0.165008	0.0149823	-0.00226786	-0.358016
75700	1.16569	-0.165241	0.0149824	-0.00226787	-0.35881
75800	1.16725	-0.165475	0.0149825	-0.00226788	-0.359603
75900	1.16881	-0.165708	0.0149826	-0.00226789	-0.360396
76000	1.17038	-0.165942	0.0149826	-0.0022679	-0.361189
76100	1.17194	-0.166175	0.0149827	-0.0022679	-0.361982
76200	1.1735	-0.166409	0.0149828	-0.00226791	-0.362775
76300	1.17507	-0.166643	0.0149829	-0.00226792	-0.363568
76400	1.17663	-0.166876	0.014983	-0.00226793	-0.364361
76500	1.17819	-0.16711	0.0149831	-0.00226794	-0.365154
76600	1.17976	-0.167344	0.0149832	-0.00226794	-0.365947
76700	1.18132	-0.167577	0.0149833	-0.00226795	-0.36674
76800	1.18288	-0.167811	0.0149833	-0.00226796	-0.367533
76900	1.18445	-0.168045	0.0149834	-0.00226797	-0.368325
77000	1.18601	-0.168278	0.0149835	-0.00226798	-0.369118
77100	1.18757	-0.168512	0.0149836	-0.00226799	-0.369911
77200	1.18914	-0.168746	0.0149837	-0.00226799	-0.370704
77300	1.1907	-0.16898	0.0149838	-0.002268	-0.371497
77400	1.19226	-0.169214	0.0149839	-0.00226801	-0.372289
77500	1.19383	-0.169447	0.014984	-0.00226802	-0.373082
77600	1.19539	-0.169681	0.0149841	-0.00226803	-0.373875
77700	1.19695	-0.169915	0.0149841	-0.00226803	-0.374667
77800	1.19852	-0.170149	0.0149842	-0.00226804	-0.37546
77900	1.20008	-0.170383	0.0149843	-0.00226805	-0.376252
78000	1.20164	-0.170617	0.0149844	-0.00226806	-0.377045
78100	1.20321	-0.170851	0.0149845	-0.00226807	-0.377838
78200	1.20477	-0.171085	0.0149846	-0.00226807	-0.37863
78300	1.20633	-0.171319	0.0149847	-0.00226808	-0.379423
78400	1.2079	-0.171553	0.0149848	-0.00226809	-0.380215
78500	1.20946	-0.171787	0.0149848	-0.0022681	-0.381007
78600	1.21102	-0.172021	0.0149849	-0.00226811	-0.3818
78700	1.21259	-0.172255	0.014985	-0.00226812	-0.382592
78800	1.21415	-0.17249	0.0149851	-0.00226812	-0.383385
78900	1.21571	-0.172724	0.0149852	-0.00226813	-0.384177
79000	1.21728	-0.172958	0.0149853	-0.00226814	-0.384969
79100	1.21884	-0.173192	0.0149854	-0.00226815	-0.385762
79200	1.2204	-0.173426	0.0149855	-0.00226816	-0.386554
79300	1.22197	-0.173661	0.0149856	-0.00226816	-0.387346
79400	1.22353	-0.173895	0.0149856	-0.00226817	-0.388138
79500	1.22509	-0.174129	0.0149857	-0.00226818	-0.38893
79600	1.22666	-0.174364	0.0149858	-0.00226819	-0.389723
79700	1.22822	-0.174598	0.0149859	-0.0022682	-0.390515
79800	1.22978	-0.174832	0.014986	-0.00226821	-0.391307
79900	1.23135	-0.175067	0.0149861	-0.00226821	-0.392099
80000	1.23291	-0.175301	0.0149862	-0.00226822	-0.392891
80100	1.23447	-0.175536	0.0149863	-0.00226823	-0.393683
80200	1.23604	-0.17577	0.0149863	-0.00226824	-0.394475
80300	1.2376	-0.176004	0.0149864	-0.00226825	-0.395267
80400	1.23916	-0.176239	0.0149865	-0.00226825	-0.396059
80500	1.24073	-0.176474	0.0149866	-0.00226826	-0.396851
80600	1.24229	-0.176708	0.0149867	-0.00226827	-0.397643
80700	1.24385	-0.176943	0.0149868	-0.00226828	-0.398435
80800	1.24542	-0.177177	0.0149869	-0.00226829	-0.399226
80900	1.24698	-0.177412	0.014987	-0.00226829	-0.400018
81000	1.24855	-0.177647	0.0149871	-0.0022683	-0.40081
81100	1.25011	-0.177881	0.0149871	-0.00226831	-0.401602
81200	1.25167	-0.178116	0.0149872	-0.00226832	-0.402394
81300	1.25324	-0.178351	0.0149873	-0.00226833	-0.403185
81400	1.2548	-0.178585	0.0149874	-0.00226834	-0.403977
81500	1.25636	-0.17882	0.0149875	-0.00226834	-0.404769
81600	1.25793	-0.179055	0.0149876	-0.00226835	-0.40556
81700	1.25949	-0.17929	0.0149877	-0.00226836	-0.406352
81800	1.26105	-0.179525	0.0149878	-0.00226837	-0.407143
81900	1.26262	-0.179759	0.0149878	-0.00226838	-0.407935
82000	1.26418	-0.179994	0.0149879	-0.00226838	-0.408727
82100	1.26574	-0.180229	0.014988	-0.00226839	-0.409518
82200	1.26731	-0.180464	0.0149881	-0.0022684	-0.41031
82300	1.26887	-0.180699	0.0149882	-0.00226841	-0.411101
82400	1.27043	-0.180934	0.0149883	-0.00226842	-0.411892
82500	1.272	-0.181169	0.0149884	-0.00226843	-0.412684
82600	1.27356	-0.181404	0.0149885	-0.00226843	-0.413475
82700	1.27512	-0.181639	0.0149886	-0.00226844	-0.414267
82800	1.27669	-0.181874	0.0149886	-0.00226845	-0.415058
82900	1.27825	-0.182109	0.0149887	-0.00226846	-0.415849
83000	1.27982	-0.182344	0.0149888	-0.00226847	-0.41664
83100	1.28138	-0.182579	0.0149889	-0.00226847	-0.417432
83200	1.28294	-0.182814	0.014989	-0.00226848	-0.418223
83300	1.28451	-0.18305	0.0149891	-0.00226849	-0.419014
83400	1.28607	-0.183285	0.0149892	-0.0022685	-0.419805
83500	1.28763	-0.18352	0.0149893	-0.00226851	-0.420596
83600	1.2892	-0.183755	0.0149893	-0.00226851	-0.421388
83700	1.29076	-0.183991	0.0149894	-0.00226852	-0.422179
83800	1.29232	-0.184226	0.0149895	-0.00226853	-0.42297
83900	1.29389	-0.184461	0.0149896	-0.00226854	-0.423761
84000	1.29545	-0.184696	0.0149897	-0.00226855	-0.424552
84100	1.29701	-0.184932	0.0149898	-0.00226856	-0.425343
84200	1.29858	-0.185167	0.0149899	-0.00226856	-0.426134
84300	1.30014	-0.185403	0.01499	-0.00226857	-0.426925
84400	1.30171	-0.185638	0.0149901	-0.00226858	-0.427716
84500	1.30327	-0.185873	0.0149901	-0.00226859	-0.428507
84600	1.30483	-0.186109	0.0149902	-0.0022686	-0.429297
84700	1.3064	-0.186344	0.0149903	-0.0022686	-0.430088
84800	1.30796	-0.18658	0.0149904	-0.00226861	-0.430879
84900	1.30952	-0.186815	0.0149905	-0.00226862	-0.43167
85000	1.31109	-0.187051	0.0149906	-0.00226863	-0.432461
85100	1.31265	-0.187287	0.0149907	-0.00226864	-0.433251
85200	1.31421	-0.187522	0.0149908	-0.00226864	-0.434042
85300	1.31578	-0.187758	0.0149908	-0.00226865	-0.434833
85400	1.31734	-0.187993	0.0149909	-0.00226866	-0.435623
85500	1.31891	-0.188229	0.014991	-0.00226867	-0.436414
85600	1.32047	-0.188465	0.0149911	-0.00226868	-0.437205
85700	1.32203	-0.1887	0.0149912	-0.00226868	-0.437995
85800	1.3236	-0.188936	0.0149913	-0.00226869	-0.438786
85900	1.32516	-0.189172	0.0149914	-0.0022687	-0.439576
86000	1.32672	-0.189408	0.0149915	-0.00226871	-0.440367
86100	1.32829	-0.189643	0.0149915	-0.00226872	-0.441157
86200	1.32985	-0.189879	0.0149916	-0.00226873	-0.441948
86300	1.33141	-0.190115	0.0149917	-0.00226873	-0.442738
86400	1.33298	-0.190351	0.0149918	-0.00226874	-0.443529
86500	1.33454	-0.190587	0.0149919	-0.00226875	-0.444319
86600	1.33611	-0.190823	0.014992	-0.00226876	-0.445109
86700	1.33767	-0.191059	0.0149921	-0.00226877	-0.4459
86800	1.33923	-0.191295	0.0149922	-0.00226877	-0.44669
86900	1.3408	-0.191531	0.0149923	-0.00226878	-0.44748
87000	1.34236	-0.191767	0.0149923	-0.00226879	-0.448271
87100	1.34392	-0.192003	0.0149924	-0.0022688	-0.449061
87200	1.34549	-0.192239	0.0149925	-0.00226881	-0.449851
87300	1.34705	-0.192475	0.0149926	-0.00226881	-0.450641
87400	1.34861	-0.192711	0.0149927	-0.00226882	-0.451431
87500	1.35018	-0.192947	0.0149928	-0.00226883	-0.452221
87600	1.35174	-0.193183	0.0149929	-0.00226884	-0.453012
87700	1.35331	-0.193419	0.014993	-0.00226885	-0.453802
87800	1.35487	-0.193656	0.014993	-0.00226885	-0.454592
87900	1.35643	-0.193892	0.0149931	-0.00226886	-0.455382
88000	1.358	-0.194128	0.0149932	-0.00226887	-0.456172
88100	1.35956	-0.194364	0.0149933	-0.00226888	-0.456962
88200	1.36112	-0.1946	0.0149934	-0.00226889	-0.457752
88300	1.36269	-0.194837	0.0149935	-0.0022689	-0.458541
88400	1.36425	-0.195073	0.0149936	-0.0022689	-0.459331
88500	1.36582	-0.195309	0.0149937	-0.00226891	-0.460121
88600	1.36738	-0.195546	0.0149937	-0.00226892	-0.460911
88700	1.36894	-0.195782	0.0149938	-0.00226893	-0.461701
88800	1.37051	-0.196019	0.0149939	-0.00226894	-0.462491
88900	1.37207	-0.196255	0.014994	-0.00226894	-0.46328
89000	1.37363	-0.196492	0.0149941	-0.00226895	-0.46407
89100	1.3752	-0.196728	0.0149942	-0.00226896	-0.46486
89200	1.37676	-0.196964	0.0149943	-0.00226897	-0.46565
89300	1.37833	-0.197201	0.0149944	-0.00226898	-0.466439
89400	1.37989	-0.197438	0.0149945	-0.00226898	-0.467229
89500	1.38145	-0.197674	0.0149945	-0.00226899	-0.468019
89600	1.38302	-0.197911	0.0149946	-0.002269	-0.468808
89700	1.38458	-0.198147	0.0149947	-0.00226901	-0.469598
89800	1.38614	-0.198384	0.0149948	-0.00226902	-0.470387
89900	1.38771	-0.198621	0.0149949	-0.00226902	-0.471177
90000	1.38927	-0.198857	0.014995	-0.00226903	-0.471966
90100	1.39084	-0.199094	0.0149951	-0.00226904	-0.472756
90200	1.3924	-0.199331	0.0149952	-0.00226905	-0.473545
90300	1.39396	-0.199567	0.0149952	-0.00226906	-0.474334
90400	1.39553	-0.199804	0.0149953	-0.00226907	-0.475124
90500	1.39709	-0.200041	0.0149954	-0.00226907	-0.475913
90600	1.39866	-0.200278	0.0149955	-0.00226908	-0.476703
90700	1.40022	-0.200515	0.0149956	-0.00226909	-0.477492
90800	1.40178	-0.200752	0.0149957	-0.0022691	-0.478281
90900	1.40335	-0.200988	0.0149958	-0.00226911	-0.47907
91000	1.40491	-0.201225	0.0149959	-0.00226911	-0.47986
91100	1.40647	-0.201462	0.0149959	-0.00226912	-0.480649
91200	1.40804	-0.201699	0.014996	-0.00226913	-0.481438
91300	1.4096	-0.201936	0.0149961	-0.00226914	-0.482227
91400	1.41117	-0.202173	0.0149962	-0.00226915	-0.483016
91500	1.41273	-0.20241	0.0149963	-0.00226915	-0.483805
91600	1.41429	-0.202647	0.0149964	-0.00226916	-0.484594
91700	1.41586	-0.202884	0.0149965	-0.00226917	-0.485383
91800	1.41742	-0.203121	0.0149966	-0.00226918	-0.486172
91900	1.41899	-0.203359	0.0149967	-0.00226919	-0.486961
92000	1.42055	-0.203596	0.0149967	-0.00226919	-0.48775
92100	1.42211	-0.203833	0.0149968	-0.0022692	-0.488539
92200	1.42368	-0.20407	0.0149969	-0.00226921	-0.489328
92300	1.42524	-0.204307	0.014997	-0.00226922	-0.490117
92400	1.4268	-0.204544	0.0149971	-0.00226923	-0.490906
92500	1.42837	-0.204782	0.0149972	-0.00226923	-0.491695
92600	1.42993	-0.205019	0.0149973	-0.00226924	-0.492484
92700	1.4315	-0.205256	0.0149974	-0.00226925	-0.493272
92800	1.43306	-0.205494	0.0149974	-0.00226926	-0.494061
92900	1.43462	-0.205731	0.0149975	-0.00226927	-0.49485
93000	1.43619	-0.205968	0.0149976	-0.00226927	-0.495639
