100	0.00124508	0.000134505	0.0171443	0.00172735	0.028455
200	0.00288864	0.000311366	0.0169576	0.00177506	0.0641654
300	0.00439904	0.000490926	0.0155689	0.00177875	0.0999336
400	0.00578603	0.000671716	0.0144102	0.0017868	0.13575
500	0.00709402	0.000853522	0.0136147	0.00179618	0.171678
600	0.00835543	0.00103619	0.0130719	0.00177947	0.207789
700	0.0095902	0.00121979	0.0127443	0.00179976	0.244077
800	0.0108093	0.00140423	0.0125132	0.00178525	0.280531
900	0.0120199	0.00158942	0.0123637	0.00179311	0.317155
1000	0.0132256	0.00177534	0.0122545	0.00178559	0.353933
1100	0.0144288	0.00196226	0.0121706	0.001796	0.390806
1200	0.0156297	0.00214966	0.0121197	0.00178852	0.427779
1300	0.0168306	0.00233782	0.0120872	0.00178303	0.464873
1400	0.0180308	0.00252642	0.0120421	0.00177554	0.502084
1500	0.0192311	0.00271578	0.0120089	0.00177533	0.539362
1600	0.0204313	0.00290601	0.0119874	0.00176618	0.576676
1700	0.0216315	0.00309671	0.0119816	0.00179503	0.614067
1800	0.0228318	0.00328749	0.0119815	0.00177128	0.651621
1900	0.0240324	0.0034804	0.0119266	0.00176476	0.688991
2000	0.0252331	0.00367224	0.0119597	0.00177212	0.726684
2100	0.0264347	0.00386636	0.0119003	0.00176564	0.764212
2200	0.0276343	0.00405959	0.0119206	0.00176913	0.801906
2300	0.0288373	0.00425421	0.0119454	0.00177437	0.839706
2400	0.0300381	0.00445028	0.0118694	0.00176336	0.877298
2500	0.0312372	0.00464578	0.0118868	0.00176696	0.915016
2600	0.0324386	0.00484246	0.0119035	0.00177036	0.952806
2700	0.0336419	0.0050403	0.0119184	0.00177334	0.990659
2800	0.0348445	0.00523915	0.0118618	0.00176616	1.02845
2900	0.0360433	0.00543773	0.0118434	0.00176253	1.06621
3000	0.0372418	0.00563703	0.0118531	0.00176433	1.10396
3100	0.0384412	0.00583732	0.0118616	0.0017659	1.14173
3200	0.0396417	0.00603857	0.011869	0.00176727	1.17954
3300	0.0408429	0.00624077	0.0118757	0.00176848	1.21738
3400	0.0420449	0.00644389	0.0118817	0.00176953	1.25525
3500	0.0432475	0.00664793	0.0118871	0.00177044	1.29314
3600	0.0444507	0.00685286	0.0118919	0.00177123	1.33105
3700	0.0456544	0.00705868	0.0118963	0.00177192	1.36899
3800	0.0468584	0.00726538	0.0119002	0.00177252	1.40694
3900	0.0480606	0.00747258	0.0118336	0.00176349	1.44484
4000	0.0492579	0.00767917	0.0118208	0.00175007	1.4827
4100	0.0504546	0.00788589	0.0118228	0.00175059	1.52062
4200	0.0516514	0.00809346	0.0118246	0.00175107	1.55854
4300	0.0528483	0.00830187	0.0118263	0.0017515	1.59646
4400	0.0540453	0.00851112	0.0118277	0.00175191	1.63439
4500	0.0552423	0.0087212	0.011829	0.00175228	1.67233
4600	0.0564393	0.00893212	0.0118302	0.00175262	1.71026
4700	0.0576353	0.00914449	0.0118169	0.00176066	1.74804
4800	0.0588308	0.00935777	0.0118173	0.00176055	1.78579
4900	0.0600263	0.00957183	0.0118176	0.00176044	1.82354
5000	0.0612217	0.00978666	0.0118178	0.00176032	1.86129
5100	0.0624183	0.0100016	0.0118324	0.00175254	1.89923
5200	0.0636148	0.0102173	0.0118247	0.00176152	1.93718
5300	0.0648101	0.0104346	0.0118194	0.00176073	1.97493
5400	0.0660051	0.0106526	0.0118195	0.00176058	2.01269
5500	0.0672001	0.0108714	0.0118196	0.00176044	2.05046
5600	0.0683954	0.0110906	0.0118339	0.00175242	2.0883
5700	0.0695914	0.0113103	0.0118343	0.0017527	2.12626
5800	0.0707868	0.0115311	0.0118205	0.00176082	2.16413
5900	0.0719813	0.0117531	0.0118207	0.00176065	2.2019
6000	0.0731757	0.0119759	0.0118207	0.0017605	2.23967
6100	0.0743699	0.0121994	0.0118209	0.0017554	2.27743
6200	0.0755653	0.012423	0.011835	0.00175255	2.3154
6300	0.0767606	0.0126474	0.011829	0.00176027	2.35336
6400	0.0779546	0.0128733	0.0118214	0.0017607	2.39113
6500	0.0791483	0.0131	0.0118214	0.00176053	2.4289
6600	0.0803418	0.0133275	0.0118212	0.00176037	2.46667
6700	0.081536	0.0135553	0.0118354	0.00175241	2.50456
6800	0.0827306	0.0137837	0.0118357	0.00175267	2.54253
6900	0.0839244	0.0140133	0.0118218	0.00176072	2.58038
7000	0.0851174	0.0142439	0.0118218	0.00176055	2.61815
7100	0.0863103	0.0144754	0.0118217	0.00176039	2.65593
7200	0.0875032	0.0147074	0.0118356	0.00175225	2.69375
7300	0.0886972	0.0149396	0.0118359	0.00175254	2.73172
7400	0.0898907	0.0151729	0.0118221	0.00176079	2.76964
7500	0.091083	0.0154075	0.0118221	0.00176058	2.80741
7600	0.0922751	0.0156429	0.011822	0.00176041	2.84519
7700	0.0934671	0.015879	0.0118217	0.00176025	2.88296
7800	0.09466	0.0161153	0.011836	0.00175241	2.92091
7900	0.095853	0.0163523	0.0118363	0.00175267	2.95888
8000	0.0970448	0.0165908	0.0118223	0.00176061	2.99668
8100	0.0982362	0.0168301	0.0118222	0.00176044	3.03446
8200	0.0994273	0.0170702	0.0118219	0.00176028	3.07223
8300	0.100619	0.0173106	0.0118361	0.0017523	3.11011
8400	0.101811	0.0175516	0.0118362	0.00175256	3.14808
8500	0.103003	0.0177937	0.0118223	0.00176065	3.18595
8600	0.104193	0.018037	0.0118223	0.00176048	3.22373
8700	0.105384	0.018281	0.0118221	0.00176032	3.2615
8800	0.106574	0.0185256	0.0118359	0.00175213	3.29932
8900	0.107766	0.0187705	0.0118362	0.00175245	3.33729
9000	0.108957	0.0190163	0.0118227	0.00176077	3.37522
9100	0.110146	0.0192635	0.0118224	0.00176052	3.413
9200	0.111336	0.0195115	0.0118222	0.00176036	3.45077
9300	0.112526	0.0197602	0.011822	0.0017602	3.48855
9400	0.113716	0.0200091	0.0118362	0.00175235	3.52649
9500	0.114906	0.0202587	0.0118365	0.00175261	3.56447
9600	0.116096	0.0205097	0.0118224	0.00176057	3.60227
9700	0.117284	0.0207616	0.0118223	0.0017604	3.64005
9800	0.118473	0.0210142	0.0118221	0.00176024	3.67782
9900	0.119662	0.0212673	0.0118362	0.00175225	3.7157
10000	0.120852	0.0215208	0.0118364	0.00175251	3.75367
10100	0.122041	0.0217755	0.0118224	0.00176062	3.79155
10200	0.123229	0.0220313	0.0118224	0.00176045	3.82932
10300	0.124416	0.0222879	0.0118222	0.00176029	3.8671
10400	0.125604	0.0225452	0.0118356	0.00175202	3.90491
10500	0.126793	0.0228026	0.0118363	0.00175241	3.94288
10600	0.127981	0.023061	0.0118234	0.00176088	3.98082
10700	0.129169	0.0233207	0.0118225	0.00176051	4.0186
10800	0.130355	0.0235812	0.0118223	0.00176034	4.05637
10900	0.131542	0.0238425	0.011822	0.00176018	4.09415
11000	0.13273	0.024104	0.0118362	0.00175231	4.13208
11100	0.133918	0.0243662	0.0118365	0.00175257	4.17006
11200	0.135104	0.0246297	0.0118225	0.00176056	4.20788
11300	0.13629	0.0248941	0.0118224	0.00176039	4.24565
11400	0.137476	0.0251594	0.0118222	0.00176023	4.28343
11500	0.138662	0.025425	0.0118362	0.00175221	4.32129
11600	0.139849	0.0256911	0.0118364	0.00175248	4.35926
11700	0.141036	0.0259583	0.0118224	0.00176062	4.39715
11800	0.142221	0.0262267	0.0118225	0.00176045	4.43493
11900	0.143406	0.0264958	0.0118222	0.00176029	4.4727
12000	0.144591	0.0267656	0.0118347	0.00175184	4.5105
12100	0.145777	0.0270356	0.0118363	0.00175238	4.54847
12200	0.146962	0.0273064	0.0118251	0.00176115	4.58643
12300	0.148147	0.0275787	0.0118225	0.0017605	4.6242
12400	0.149331	0.0278518	0.0118223	0.00176034	4.66198
12500	0.150515	0.0281256	0.0118221	0.00176018	4.69975
12600	0.151699	0.0283996	0.0118362	0.00175229	4.73768
12700	0.152884	0.0286743	0.0118365	0.00175255	4.77565
12800	0.154068	0.0289504	0.0118225	0.00176056	4.81348
12900	0.155251	0.0292273	0.0118224	0.0017604	4.85126
13000	0.156434	0.0295051	0.0118222	0.00176024	4.88903
13100	0.157618	0.0297833	0.0118363	0.00175219	4.92689
13200	0.158802	0.0300619	0.0118364	0.00175246	4.96486
13300	0.159985	0.0303416	0.0118224	0.00176062	5.00276
13400	0.161168	0.0306225	0.0118225	0.00176045	5.04053
13500	0.16235	0.0309041	0.0118223	0.00176029	5.07831
13600	0.163532	0.0311864	0.0118323	0.0017515	5.11609
13700	0.164715	0.0314689	0.0118363	0.00175237	5.15407
13800	0.165897	0.0317523	0.0118282	0.00176103	5.19203
13900	0.167079	0.0320371	0.0118225	0.00176051	5.22981
14000	0.16826	0.0323226	0.0118224	0.00176035	5.26758
14100	0.169441	0.032609	0.0118221	0.00176019	5.30536
14200	0.170623	0.0328955	0.0118362	0.00175227	5.34327
14300	0.171805	0.0331828	0.0118365	0.00175253	5.38125
14400	0.172986	0.0334712	0.0118225	0.00176057	5.41908
14500	0.174166	0.0337607	0.0118224	0.0017604	5.45686
14600	0.175346	0.0340509	0.0118222	0.00176024	5.49464
14700	0.176526	0.0343416	0.0118363	0.00175217	5.53248
14800	0.177707	0.0346328	0.0118363	0.00175244	5.57045
14900	0.178887	0.0349249	0.0118224	0.00176064	5.60836
15000	0.180067	0.0352183	0.0118225	0.00176046	5.64614
15100	0.181246	0.0355124	0.0118223	0.0017603	5.68391
15200	0.182425	0.0358073	0.0118285	0.00175269	5.72169
15300	0.183605	0.0361022	0.0118363	0.00175235	5.75966
15400	0.184784	0.036398	0.0118366	0.00175261	5.79763
15500	0.185963	0.0366953	0.0118225	0.00176052	5.83541
15600	0.187141	0.0369933	0.0118224	0.00176035	5.87319
15700	0.188319	0.0372921	0.0118221	0.0017602	5.91096
15800	0.189497	0.0375912	0.0118362	0.00175226	5.94887
15900	0.190676	0.0378909	0.0118364	0.00175252	5.98684
16000	0.191854	0.0381918	0.0118225	0.00176058	6.02469
16100	0.193031	0.0384937	0.0118224	0.00176041	6.06246
16200	0.194208	0.0387964	0.0118222	0.00176025	6.10024
16300	0.195385	0.0390996	0.0118362	0.00175215	6.13808
16400	0.196563	0.0394032	0.0118363	0.00175243	6.17605
16500	0.19774	0.0397078	0.0118225	0.00176065	6.21397
16600	0.198916	0.0400136	0.0118225	0.00176047	6.25174
16700	0.200092	0.0403201	0.0118223	0.0017603	6.28952
16800	0.201268	0.0406275	0.011822	0.00176015	6.32729
16900	0.202445	0.0409349	0.0118363	0.00175234	6.36526
17000	0.203621	0.0412432	0.0118366	0.0017526	6.40323
17100	0.204797	0.0415529	0.0118225	0.00176053	6.44102
17200	0.205971	0.0418633	0.0118224	0.00176036	6.47879
17300	0.207146	0.0421745	0.0118221	0.0017602	6.51657
17400	0.208321	0.0424861	0.0118362	0.00175225	6.55446
17500	0.209497	0.0427982	0.0118364	0.00175251	6.59244
17600	0.210672	0.0431115	0.0118225	0.00176058	6.63029
17700	0.211845	0.0434259	0.0118225	0.00176042	6.66807
17800	0.213019	0.043741	0.0118222	0.00176026	6.70585
17900	0.214193	0.0440567	0.0118362	0.00175213	6.74367
18000	0.215367	0.0443727	0.0118363	0.00175242	6.78164
18100	0.216541	0.0446896	0.0118226	0.00176068	6.81957
18200	0.217714	0.0450079	0.0118225	0.00176047	6.85735
18300	0.218887	0.0453268	0.0118223	0.00176031	6.89512
18400	0.220059	0.0456466	0.011822	0.00176016	6.9329
18500	0.221233	0.0459665	0.0118363	0.00175233	6.97085
18600	0.222406	0.0462872	0.0118365	0.00175258	7.00882
18700	0.223578	0.0466092	0.0118225	0.00176053	7.04662
18800	0.224749	0.0469321	0.0118224	0.00176037	7.0844
18900	0.225921	0.0472557	0.0118221	0.00176021	7.12217
19000	0.227092	0.0475797	0.0118362	0.00175223	7.16006
19100	0.228265	0.0479042	0.0118364	0.00175249	7.19803
19200	0.229436	0.0482299	0.0118224	0.00176059	7.2359
19300	0.230607	0.0485566	0.0118225	0.00176042	7.27367
19400	0.231777	0.0488841	0.0118222	0.00176026	7.31145
19500	0.232947	0.0492122	0.011836	0.00175209	7.34927
19600	0.234118	0.0495406	0.0118363	0.0017524	7.38724
19700	0.235289	0.0498699	0.0118228	0.00176074	7.42518
19800	0.236458	0.0502005	0.0118225	0.00176048	7.46295
19900	0.237627	0.0505319	0.0118223	0.00176032	7.50073
20000	0.238796	0.050864	0.0118221	0.00176016	7.5385
20100	0.239966	0.0511963	0.0118362	0.00175231	7.57645
20200	0.241136	0.0515294	0.0118365	0.00175257	7.61442
20300	0.242305	0.0518638	0.0118225	0.00176054	7.65223
20400	0.243473	0.052199	0.0118224	0.00176038	7.69
20500	0.24464	0.052535	0.0118221	0.00176022	7.72778
20600	0.245809	0.0528714	0.0118363	0.00175222	7.76565
20700	0.246977	0.0532083	0.0118364	0.00175248	7.80363
20800	0.248145	0.0535463	0.0118224	0.0017606	7.8415
20900	0.249312	0.0538854	0.0118225	0.00176043	7.87928
21000	0.250479	0.0542252	0.0118222	0.00176027	7.91705
21100	0.251646	0.0545657	0.0118356	0.001752	7.95486
21200	0.252813	0.0549064	0.0118363	0.00175239	7.99283
21300	0.253981	0.0552481	0.0118235	0.00176086	8.03078
21400	0.255146	0.055591	0.0118225	0.00176049	8.06856
21500	0.256312	0.0559347	0.0118223	0.00176033	8.10633
21600	0.257477	0.0562792	0.0118221	0.00176017	8.14411
21700	0.258644	0.0566239	0.0118362	0.0017523	8.18204
21800	0.25981	0.0569693	0.0118365	0.00175256	8.22001
21900	0.260975	0.057316	0.0118225	0.00176055	8.25783
22000	0.262139	0.0576635	0.0118224	0.00176038	8.29561
22100	0.263303	0.0580118	0.0118222	0.00176023	8.33338
22200	0.264468	0.0583606	0.0118363	0.0017522	8.37125
22300	0.265633	0.0587098	0.0118364	0.00175247	8.40922
22400	0.266798	0.0590601	0.0118224	0.00176061	8.44711
22500	0.267961	0.0594115	0.0118225	0.00176044	8.48488
22600	0.269124	0.0597637	0.0118223	0.00176028	8.52266
22700	0.270287	0.0601165	0.0118347	0.00175183	8.56046
22800	0.271451	0.0604696	0.0118363	0.00175238	8.59843
22900	0.272614	0.0608235	0.0118251	0.00176114	8.63638
23000	0.273777	0.0611788	0.0118225	0.0017605	8.67416
23100	0.274938	0.0615348	0.0118223	0.00176034	8.71194
23200	0.2761	0.0618915	0.0118221	0.00176018	8.74971
23300	0.277262	0.0622485	0.0118362	0.00175229	8.78764
23400	0.278425	0.0626063	0.0118365	0.00175255	8.82561
23500	0.279586	0.0629652	0.0118225	0.00176056	8.86344
23600	0.280747	0.063325	0.0118224	0.00176039	8.90121
23700	0.281908	0.0636856	0.0118222	0.00176023	8.93899
23800	0.283068	0.0640467	0.0118363	0.00175219	8.97684
23900	0.28423	0.0644082	0.0118364	0.00175246	9.01482
24000	0.28539	0.0647708	0.0118224	0.00176062	9.05271
24100	0.28655	0.0651345	0.0118225	0.00176045	9.09049
24200	0.287709	0.0654989	0.0118223	0.00176029	9.12826
24300	0.288868	0.065864	0.0118323	0.00175149	9.16605
24400	0.290028	0.0662294	0.0118363	0.00175236	9.20402
24500	0.291188	0.0665956	0.0118282	0.00176103	9.24199
24600	0.292347	0.0669631	0.0118225	0.00176051	9.27976
24700	0.293505	0.0673314	0.0118224	0.00176034	9.31754
24800	0.294662	0.0677004	0.0118221	0.00176019	9.35532
24900	0.295821	0.0680697	0.0118362	0.00175227	9.39323
25000	0.29698	0.0684397	0.0118365	0.00175253	9.4312
25100	0.298137	0.0688108	0.0118225	0.00176057	9.46904
25200	0.299294	0.0691829	0.0118224	0.0017604	9.50682
25300	0.300451	0.0695558	0.0118222	0.00176024	9.54459
25400	0.301607	0.0699291	0.0118363	0.00175217	9.58244
25500	0.302765	0.0703029	0.0118363	0.00175244	9.62041
25600	0.303922	0.0706777	0.0118224	0.00176063	9.65832
25700	0.305077	0.0710536	0.0118225	0.00176046	9.69609
25800	0.306233	0.0714303	0.0118223	0.0017603	9.73387
25900	0.307388	0.0718077	0.0118285	0.00175269	9.77165
26000	0.308544	0.0721852	0.0118363	0.00175235	9.80962
26100	0.3097	0.0725636	0.0118366	0.00175261	9.84759
26200	0.310854	0.0729434	0.0118225	0.00176052	9.88537
26300	0.312008	0.0733239	0.0118224	0.00176035	9.92315
26400	0.313162	0.0737051	0.0118221	0.00176019	9.96092
26500	0.314317	0.0740867	0.0118362	0.00175226	9.99883
26600	0.315471	0.0744689	0.0118364	0.00175252	10.0368
26700	0.316625	0.0748522	0.0118225	0.00176058	10.0746
26800	0.317778	0.0752365	0.0118224	0.00176041	10.1124
26900	0.318931	0.0756216	0.0118222	0.00176025	10.1502
27000	0.320083	0.0760071	0.0118362	0.00175215	10.188
27100	0.321237	0.0763931	0.0118363	0.00175243	10.226
27200	0.32239	0.0767801	0.0118225	0.00176065	10.2639
27300	0.323541	0.0771682	0.0118225	0.00176047	10.3017
27400	0.324692	0.0775571	0.0118223	0.0017603	10.3395
27500	0.325843	0.0779467	0.011822	0.00176015	10.3772
27600	0.326996	0.0783365	0.0118363	0.00175234	10.4152
27700	0.328148	0.0787271	0.0118366	0.0017526	10.4532
27800	0.329298	0.079119	0.0118225	0.00176052	10.491
27900	0.330448	0.0795116	0.0118224	0.00176036	10.5287
28000	0.331598	0.079905	0.0118221	0.0017602	10.5665
28100	0.332748	0.0802988	0.0118362	0.00175224	10.6044
28200	0.333899	0.0806932	0.0118364	0.00175251	10.6424
28300	0.335048	0.0810887	0.0118225	0.00176058	10.6803
28400	0.336197	0.0814851	0.0118225	0.00176042	10.718
28500	0.337345	0.0818823	0.0118222	0.00176026	10.7558
28600	0.338494	0.0822801	0.0118362	0.00175213	10.7936
28700	0.339643	0.0826783	0.0118363	0.00175242	10.8316
28800	0.340792	0.0830774	0.0118226	0.00176068	10.8695
28900	0.341939	0.0834777	0.0118225	0.00176047	10.9073
29000	0.343087	0.0838787	0.0118223	0.00176031	10.9451
29100	0.344233	0.0842804	0.011822	0.00176016	10.9829
29200	0.345381	0.0846824	0.0118363	0.00175233	11.0208
29300	0.346529	0.0850851	0.0118365	0.00175258	11.0588
29400	0.347675	0.0854891	0.0118225	0.00176053	11.0966
29500	0.348821	0.0858939	0.0118224	0.00176037	11.1344
29600	0.349967	0.0862994	0.0118221	0.00176021	11.1721
29700	0.351113	0.0867054	0.0118362	0.00175223	11.21
29800	0.352259	0.0871119	0.0118364	0.00175249	11.248
29900	0.353404	0.0875195	0.0118224	0.00176059	11.2859
30000	0.354549	0.0879281	0.0118225	0.00176042	11.3236
30100	0.355693	0.0883374	0.0118222	0.00176026	11.3614
30200	0.356837	0.0887473	0.011836	0.00175209	11.3992
30300	0.357982	0.0891576	0.0118363	0.0017524	11.4372
30400	0.359127	0.0895688	0.0118228	0.00176074	11.4751
30500	0.36027	0.0899812	0.0118225	0.00176048	11.5129
30600	0.361413	0.0903943	0.0118223	0.00176032	11.5507
30700	0.362555	0.0908081	0.0118221	0.00176016	11.5885
30800	0.363699	0.0912222	0.0118362	0.00175231	11.6264
30900	0.364842	0.0916371	0.0118365	0.00175257	11.6644
31000	0.365984	0.0920532	0.0118225	0.00176054	11.7022
31100	0.367126	0.09247	0.0118224	0.00176038	11.74
31200	0.368267	0.0928877	0.0118221	0.00176022	11.7777
31300	0.369408	0.0933057	0.0118363	0.00175222	11.8156
31400	0.37055	0.0937243	0.0118364	0.00175248	11.8536
31500	0.371692	0.094144	0.0118224	0.0017606	11.8915
31600	0.372832	0.0945647	0.0118225	0.00176043	11.9292
31700	0.373971	0.094986	0.0118222	0.00176027	11.967
31800	0.375111	0.0954081	0.0118356	0.001752	12.0048
31900	0.376252	0.0958304	0.0118363	0.00175239	12.0428
32000	0.377392	0.0962537	0.0118235	0.00176086	12.0807
32100	0.378531	0.0966781	0.0118225	0.00176049	12.1185
32200	0.379669	0.0971033	0.0118223	0.00176033	12.1563
32300	0.380807	0.0975292	0.0118221	0.00176017	12.1941
32400	0.381946	0.0979554	0.0118362	0.0017523	12.232
32500	0.383085	0.0983823	0.0118365	0.00175256	12.27
32600	0.384223	0.0988104	0.0118225	0.00176055	12.3078
32700	0.38536	0.0992393	0.0118224	0.00176038	12.3456
32800	0.386496	0.0996689	0.0118222	0.00176023	12.3833
32900	0.387633	0.100099	0.0118363	0.0017522	12.4212
33000	0.388771	0.10053	0.0118364	0.00175247	12.4592
33100	0.389908	0.100961	0.0118224	0.00176061	12.4971
33200	0.391043	0.101394	0.0118225	0.00176044	12.5348
33300	0.392178	0.101828	0.0118223	0.00176028	12.5726
33400	0.393314	0.102262	0.0118347	0.00175183	12.6104
33500	0.39445	0.102696	0.0118363	0.00175238	12.6484
33600	0.395585	0.103131	0.0118251	0.00176114	12.6863
33700	0.39672	0.103568	0.0118225	0.0017605	12.7241
33800	0.397853	0.104005	0.0118223	0.00176034	12.7619
33900	0.398987	0.104443	0.0118221	0.00176018	12.7997
34000	0.400121	0.104881	0.0118362	0.00175229	12.8376
34100	0.401256	0.10532	0.0118365	0.00175255	12.8756
34200	0.402389	0.10576	0.0118225	0.00176056	12.9134
34300	0.403521	0.106201	0.0118224	0.00176039	12.9512
34400	0.404653	0.106643	0.0118222	0.00176023	12.9889
34500	0.405786	0.107085	0.0118363	0.00175219	13.0268
34600	0.406918	0.107527	0.0118364	0.00175246	13.0648
34700	0.408051	0.107971	0.0118224	0.00176062	13.1027
34800	0.409182	0.108416	0.0118225	0.00176045	13.1404
34900	0.410312	0.108861	0.0118223	0.00176029	13.1782
35000	0.411443	0.109307	0.0118323	0.00175149	13.216
35100	0.412574	0.109753	0.0118363	0.00175236	13.254
35200	0.413705	0.110201	0.0118282	0.00176103	13.2919
35300	0.414835	0.110649	0.0118225	0.00176051	13.3297
35400	0.415964	0.111098	0.0118224	0.00176034	13.3675
35500	0.417093	0.111548	0.0118221	0.00176019	13.4053
35600	0.418222	0.111998	0.0118362	0.00175227	13.4432
35700	0.419352	0.112449	0.0118365	0.00175253	13.4812
35800	0.42048	0.112901	0.0118225	0.00176057	13.519
35900	0.421608	0.113354	0.0118224	0.0017604	13.5568
36000	0.422735	0.113808	0.0118222	0.00176024	13.5945
36100	0.423863	0.114262	0.0118363	0.00175217	13.6324
36200	0.424991	0.114716	0.0118363	0.00175244	13.6704
36300	0.426119	0.115172	0.0118224	0.00176063	13.7083
36400	0.427245	0.115628	0.0118225	0.00176046	13.7461
36500	0.428371	0.116086	0.0118223	0.0017603	13.7838
36600	0.429496	0.116544	0.0118285	0.00175269	13.8216
36700	0.430623	0.117002	0.0118363	0.00175235	13.8596
36800	0.431749	0.117461	0.0118366	0.00175261	13.8975
36900	0.432874	0.117922	0.0118225	0.00176052	13.9353
37000	0.433998	0.118383	0.0118224	0.00176035	13.9731
37100	0.435122	0.118844	0.0118221	0.00176019	14.0109
37200	0.436247	0.119307	0.0118362	0.00175226	14.0488
37300	0.437372	0.119769	0.0118364	0.00175252	14.0868
37400	0.438495	0.120233	0.0118225	0.00176058	14.1246
37500	0.439618	0.120698	0.0118224	0.00176041	14.1624
37600	0.440741	0.121163	0.0118222	0.00176025	14.2002
37700	0.441863	0.121629	0.0118362	0.00175215	14.238
37800	0.442987	0.122096	0.0118363	0.00175243	14.276
37900	0.444109	0.122563	0.0118225	0.00176065	14.3139
38000	0.445231	0.123032	0.0118225	0.00176047	14.3517
38100	0.446352	0.123501	0.0118223	0.0017603	14.3894
38200	0.447472	0.123971	0.011822	0.00176015	14.4272
38300	0.448594	0.124441	0.0118363	0.00175234	14.4652
38400	0.449715	0.124912	0.0118366	0.0017526	14.5031
38500	0.450835	0.125384	0.0118225	0.00176052	14.5409
38600	0.451955	0.125857	0.0118224	0.00176036	14.5787
38700	0.453074	0.126331	0.0118221	0.0017602	14.6165
38800	0.454193	0.126805	0.0118362	0.00175224	14.6544
38900	0.455313	0.12728	0.0118364	0.00175251	14.6923
39000	0.456432	0.127755	0.0118225	0.00176058	14.7302
39100	0.45755	0.128232	0.0118225	0.00176042	14.768
39200	0.458667	0.128709	0.0118222	0.00176026	14.8058
39300	0.459785	0.129187	0.0118362	0.00175213	14.8436
39400	0.460903	0.129665	0.0118363	0.00175242	14.8816
39500	0.462021	0.130145	0.0118226	0.00176068	14.9195
39600	0.463137	0.130625	0.0118225	0.00176047	14.9573
39700	0.464253	0.131106	0.0118223	0.00176031	14.995
39800	0.465369	0.131588	0.011822	0.00176016	15.0328
39900	0.466485	0.13207	0.0118363	0.00175232	15.0708
40000	0.467602	0.132553	0.0118365	0.00175258	15.1087
40100	0.468717	0.133036	0.0118225	0.00176053	15.1465
40200	0.469831	0.133521	0.0118224	0.00176037	15.1843
40300	0.470945	0.134007	0.0118221	0.00176021	15.2221
40400	0.47206	0.134492	0.0118362	0.00175223	15.26
40500	0.473174	0.134979	0.0118364	0.00175249	15.2979
40600	0.474288	0.135466	0.0118224	0.00176059	15.3358
40700	0.475401	0.135955	0.0118225	0.00176042	15.3736
40800	0.476513	0.136444	0.0118222	0.00176026	15.4114
40900	0.477626	0.136934	0.011836	0.00175208	15.4492
41000	0.478739	0.137424	0.0118363	0.0017524	15.4872
41100	0.479852	0.137915	0.0118228	0.00176074	15.5251
41200	0.480963	0.138407	0.0118225	0.00176048	15.5629
41300	0.482074	0.1389	0.0118223	0.00176032	15.6006
41400	0.483184	0.139393	0.0118221	0.00176016	15.6384
41500	0.484295	0.139887	0.0118362	0.00175231	15.6764
41600	0.485407	0.140382	0.0118365	0.00175257	15.7143
41700	0.486516	0.140877	0.0118225	0.00176054	15.7521
41800	0.487626	0.141374	0.0118224	0.00176038	15.7899
41900	0.488734	0.141871	0.0118221	0.00176022	15.8277
42000	0.489844	0.142368	0.0118363	0.00175222	15.8656
42100	0.490953	0.142867	0.0118364	0.00175248	15.9035
42200	0.492062	0.143366	0.0118224	0.0017606	15.9414
42300	0.493169	0.143866	0.0118225	0.00176043	15.9792
42400	0.494277	0.144367	0.0118222	0.00176027	16.017
42500	0.495384	0.144868	0.0118356	0.001752	16.0548
42600	0.496492	0.14537	0.0118363	0.00175239	16.0927
42700	0.497599	0.145873	0.0118235	0.00176086	16.1307
42800	0.498705	0.146377	0.0118225	0.00176049	16.1685
42900	0.49981	0.146881	0.0118223	0.00176033	16.2062
43000	0.500916	0.147386	0.0118221	0.00176017	16.244
43100	0.502022	0.147892	0.0118362	0.0017523	16.282
43200	0.503128	0.148398	0.0118365	0.00175256	16.3199
43300	0.504232	0.148906	0.0118225	0.00176055	16.3577
43400	0.505336	0.149414	0.0118224	0.00176038	16.3955
43500	0.506439	0.149923	0.0118222	0.00176023	16.4333
43600	0.507543	0.150432	0.0118363	0.0017522	16.4712
43700	0.508648	0.150942	0.0118364	0.00175247	16.5091
43800	0.509751	0.151453	0.0118224	0.00176061	16.547
43900	0.510853	0.151965	0.0118225	0.00176044	16.5848
44000	0.511955	0.152477	0.0118223	0.00176028	16.6226
44100	0.513057	0.15299	0.0118347	0.00175183	16.6604
44200	0.514159	0.153504	0.0118363	0.00175238	16.6983
44300	0.515261	0.154018	0.0118251	0.00176114	16.7363
44400	0.516362	0.154534	0.0118225	0.0017605	16.7741
44500	0.517462	0.15505	0.0118223	0.00176034	16.8118
44600	0.518562	0.155567	0.0118221	0.00176018	16.8496
44700	0.519662	0.156084	0.0118362	0.00175229	16.8875
44800	0.520763	0.156602	0.0118365	0.00175255	16.9255
44900	0.521862	0.157121	0.0118225	0.00176056	16.9634
45000	0.52296	0.157641	0.0118224	0.00176039	17.0011
45100	0.524059	0.158161	0.0118222	0.00176023	17.0389
45200	0.525157	0.158682	0.0118363	0.00175219	17.0768
45300	0.526256	0.159204	0.0118364	0.00175246	17.1147
45400	0.527354	0.159726	0.0118224	0.00176062	17.1526
45500	0.52845	0.16025	0.0118225	0.00176045	17.1904
45600	0.529547	0.160774	0.0118223	0.00176029	17.2282
45700	0.530643	0.161299	0.0118323	0.00175149	17.266
45800	0.53174	0.161824	0.0118363	0.00175236	17.3039
45900	0.532837	0.16235	0.0118282	0.00176103	17.3419
46000	0.533932	0.162877	0.0118225	0.00176051	17.3797
46100	0.535026	0.163405	0.0118224	0.00176034	17.4175
46200	0.53612	0.163933	0.0118221	0.00176019	17.4552
46300	0.537215	0.164462	0.0118362	0.00175227	17.4931
46400	0.53831	0.164991	0.0118365	0.00175253	17.5311
46500	0.539404	0.165522	0.0118225	0.00176057	17.569
46600	0.540497	0.166053	0.0118224	0.0017604	17.6067
46700	0.541589	0.166585	0.0118222	0.00176024	17.6445
46800	0.542682	0.167118	0.0118363	0.00175217	17.6824
46900	0.543775	0.167651	0.0118363	0.00175244	17.7203
47000	0.544868	0.168185	0.0118224	0.00176063	17.7582
47100	0.545959	0.16872	0.0118225	0.00176046	17.796
47200	0.54705	0.169256	0.0118223	0.0017603	17.8338
47300	0.54814	0.169792	0.0118285	0.00175269	17.8716
47400	0.549232	0.170329	0.0118363	0.00175235	17.9095
47500	0.550323	0.170867	0.0118366	0.00175261	17.9475
47600	0.551412	0.171405	0.0118225	0.00176052	17.9853
47700	0.552501	0.171944	0.0118224	0.00176035	18.0231
47800	0.55359	0.172484	0.0118221	0.00176019	18.0608
47900	0.554679	0.173025	0.0118362	0.00175226	18.0987
48000	0.555768	0.173566	0.0118364	0.00175252	18.1367
48100	0.556856	0.174108	0.0118225	0.00176058	18.1746
48200	0.557944	0.174651	0.0118224	0.00176041	18.2123
48300	0.55903	0.175195	0.0118222	0.00176025	18.2501
48400	0.560117	0.175739	0.0118362	0.00175215	18.2879
48500	0.561205	0.176283	0.0118363	0.00175243	18.3259
48600	0.562292	0.176829	0.0118225	0.00176065	18.3638
48700	0.563377	0.177375	0.0118225	0.00176047	18.4016
48800	0.564462	0.177923	0.0118223	0.0017603	18.4394
48900	0.565547	0.178471	0.011822	0.00176015	18.4772
49000	0.566632	0.179019	0.0118363	0.00175234	18.5151
49100	0.567718	0.179568	0.0118366	0.0017526	18.5531
49200	0.568802	0.180118	0.0118225	0.00176052	18.5909
49300	0.569885	0.180669	0.0118224	0.00176036	18.6287
49400	0.570968	0.18122	0.0118221	0.0017602	18.6664
49500	0.572051	0.181772	0.0118362	0.00175224	18.7043
49600	0.573135	0.182325	0.0118364	0.00175251	18.7423
49700	0.574217	0.182878	0.0118225	0.00176058	18.7802
49800	0.575298	0.183433	0.0118225	0.00176042	18.8179
49900	0.576379	0.183988	0.0118222	0.00176026	18.8557
50000	0.57746	0.184543	0.0118362	0.00175213	18.8935
50100	0.578542	0.185099	0.0118363	0.00175242	18.9315
50200	0.579623	0.185656	0.0118226	0.00176068	18.9694
50300	0.580703	0.186214	0.0118225	0.00176047	19.0072
50400	0.581782	0.186773	0.0118223	0.00176031	19.045
50500	0.582861	0.187332	0.011822	0.00176016	19.0828
50600	0.58394	0.187892	0.0118363	0.00175232	19.1207
50700	0.58502	0.188452	0.0118365	0.00175258	19.1587
50800	0.586098	0.189014	0.0118225	0.00176053	19.1965
50900	0.587175	0.189576	0.0118224	0.00176037	19.2343
51000	0.588252	0.190139	0.0118221	0.00176021	19.272
51100	0.58933	0.190702	0.0118362	0.00175223	19.3099
51200	0.590407	0.191266	0.0118364	0.00175249	19.3479
51300	0.591484	0.191831	0.0118224	0.00176059	19.3858
51400	0.592559	0.192397	0.0118225	0.00176042	19.4235
51500	0.593634	0.192963	0.0118222	0.00176026	19.4613
51600	0.594709	0.19353	0.011836	0.00175208	19.4991
51700	0.595785	0.194098	0.0118363	0.0017524	19.5371
51800	0.59686	0.194666	0.0118228	0.00176074	19.575
51900	0.597934	0.195236	0.0118225	0.00176048	19.6128
52000	0.599007	0.195806	0.0118223	0.00176032	19.6506
52100	0.60008	0.196376	0.0118221	0.00176016	19.6884
52200	0.601154	0.196947	0.0118362	0.00175231	19.7263
52300	0.602227	0.197519	0.0118365	0.00175257	19.7643
52400	0.603299	0.198092	0.0118225	0.00176054	19.8021
52500	0.604371	0.198666	0.0118224	0.00176038	19.8399
52600	0.605442	0.19924	0.0118221	0.00176022	19.8776
52700	0.606513	0.199815	0.0118363	0.00175222	19.9155
52800	0.607585	0.20039	0.0118364	0.00175248	19.9535
52900	0.608655	0.200966	0.0118224	0.0017606	19.9914
53000	0.609725	0.201543	0.0118225	0.00176043	20.0291
53100	0.610794	0.202121	0.0118222	0.00176027	20.0669
53200	0.611863	0.2027	0.0118356	0.001752	20.1047
53300	0.612932	0.203278	0.0118363	0.00175239	20.1427
53400	0.614002	0.203858	0.0118235	0.00176086	20.1807
53500	0.615069	0.204439	0.0118225	0.00176049	20.2184
53600	0.616136	0.20502	0.0118223	0.00176033	20.2562
53700	0.617203	0.205602	0.0118221	0.00176017	20.294
53800	0.61827	0.206184	0.0118362	0.0017523	20.3319
53900	0.619338	0.206768	0.0118365	0.00175256	20.3699
54000	0.620404	0.207352	0.0118225	0.00176055	20.4077
54100	0.621469	0.207937	0.0118224	0.00176038	20.4455
54200	0.622534	0.208522	0.0118222	0.00176023	20.4833
54300	0.623599	0.209108	0.0118363	0.0017522	20.5211
54400	0.624664	0.209695	0.0118364	0.00175247	20.5591
54500	0.625729	0.210282	0.0118224	0.00176061	20.597
54600	0.626792	0.210871	0.0118225	0.00176044	20.6348
54700	0.627855	0.21146	0.0118223	0.00176028	20.6725
54800	0.628918	0.212049	0.0118347	0.00175183	20.7103
54900	0.629981	0.21264	0.0118363	0.00175238	20.7483
55000	0.631044	0.21323	0.0118251	0.00176114	20.7863
55100	0.632106	0.213822	0.0118225	0.0017605	20.824
55200	0.633167	0.214415	0.0118223	0.00176034	20.8618
55300	0.634227	0.215008	0.0118221	0.00176018	20.8996
55400	0.635288	0.215602	0.0118362	0.00175228	20.9375
55500	0.63635	0.216196	0.0118365	0.00175255	20.9755
55600	0.63741	0.216792	0.0118225	0.00176056	21.0133
55700	0.638469	0.217388	0.0118224	0.00176039	21.0511
55800	0.639527	0.217984	0.0118222	0.00176023	21.0889
55900	0.640586	0.218582	0.0118363	0.00175219	21.1267
56000	0.641645	0.21918	0.0118364	0.00175246	21.1647
56100	0.642703	0.219778	0.0118224	0.00176062	21.2026
56200	0.64376	0.220378	0.0118225	0.00176045	21.2404
56300	0.644817	0.220978	0.0118223	0.00176029	21.2781
56400	0.645873	0.221579	0.0118323	0.00175149	21.3159
56500	0.64693	0.22218	0.0118363	0.00175236	21.3539
56600	0.647987	0.222782	0.0118282	0.00176103	21.3919
56700	0.649042	0.223386	0.0118225	0.00176051	21.4296
56800	0.650097	0.223989	0.0118224	0.00176034	21.4674
56900	0.651151	0.224594	0.0118221	0.00176019	21.5052
57000	0.652206	0.225199	0.0118362	0.00175227	21.5431
57100	0.653261	0.225804	0.0118365	0.00175253	21.5811
57200	0.654314	0.226411	0.0118225	0.00176057	21.6189
57300	0.655367	0.227018	0.0118224	0.0017604	21.6567
57400	0.656419	0.227626	0.0118222	0.00176024	21.6945
57500	0.657472	0.228234	0.0118363	0.00175217	21.7323
57600	0.658524	0.228843	0.0118363	0.00175244	21.7703
57700	0.659576	0.229453	0.0118224	0.00176063	21.8082
57800	0.660627	0.230064	0.0118225	0.00176046	21.846
57900	0.661677	0.230675	0.0118223	0.0017603	21.8837
58000	0.662727	0.231287	0.0118285	0.00175269	21.9215
58100	0.663778	0.2319	0.0118363	0.00175235	21.9595
58200	0.664828	0.232513	0.0118366	0.00175261	21.9975
58300	0.665877	0.233127	0.0118225	0.00176052	22.0352
58400	0.666925	0.233742	0.0118224	0.00176035	22.073
58500	0.667973	0.234358	0.0118221	0.00176019	22.1108
58600	0.669021	0.234974	0.0118362	0.00175226	22.1487
58700	0.67007	0.23559	0.0118364	0.00175252	22.1867
58800	0.671117	0.236208	0.0118225	0.00176058	22.2245
58900	0.672163	0.236826	0.0118224	0.00176041	22.2623
59000	0.673209	0.237445	0.0118222	0.00176025	22.3001
59100	0.674254	0.238065	0.0118362	0.00175215	22.3379
59200	0.675301	0.238685	0.0118363	0.00175243	22.3759
59300	0.676346	0.239306	0.0118225	0.00176065	22.4138
59400	0.67739	0.239928	0.0118225	0.00176047	22.4516
59500	0.678434	0.24055	0.0118223	0.0017603	22.4893
59600	0.679477	0.241173	0.011822	0.00176015	22.5271
59700	0.680522	0.241797	0.0118363	0.00175234	22.5651
59800	0.681566	0.242421	0.0118366	0.0017526	22.6031
59900	0.682608	0.243046	0.0118225	0.00176052	22.6408
60000	0.683649	0.243672	0.0118224	0.00176036	22.6786
60100	0.68469	0.244299	0.0118221	0.0017602	22.7164
60200	0.685732	0.244926	0.0118362	0.00175224	22.7543
60300	0.686774	0.245553	0.0118364	0.00175251	22.7923
60400	0.687815	0.246182	0.0118225	0.00176058	22.8301
60500	0.688854	0.246811	0.0118225	0.00176042	22.8679
60600	0.689893	0.247441	0.0118222	0.00176026	22.9057
60700	0.690932	0.248072	0.0118362	0.00175213	22.9435
60800	0.691972	0.248703	0.0118363	0.00175242	22.9815
60900	0.693011	0.249335	0.0118226	0.00176068	23.0194
61000	0.694049	0.249968	0.0118225	0.00176047	23.0572
61100	0.695086	0.250601	0.0118223	0.00176031	23.0949
61200	0.696122	0.251236	0.011822	0.00176016	23.1327
61300	0.69716	0.25187	0.0118363	0.00175232	23.1707
61400	0.698197	0.252505	0.0118365	0.00175258	23.2087
61500	0.699233	0.253142	0.0118225	0.00176053	23.2465
61600	0.700268	0.253778	0.0118224	0.00176037	23.2842
61700	0.701302	0.254416	0.0118221	0.00176021	23.322
61800	0.702337	0.255054	0.0118362	0.00175223	23.3599
61900	0.703372	0.255693	0.0118364	0.00175249	23.3979
62000	0.704406	0.256332	0.0118224	0.00176059	23.4357
62100	0.705439	0.256973	0.0118225	0.00176042	23.4735
62200	0.706471	0.257614	0.0118222	0.00176026	23.5113
62300	0.707504	0.258255	0.011836	0.00175208	23.5491
62400	0.708537	0.258897	0.0118363	0.0017524	23.5871
62500	0.709569	0.25954	0.0118228	0.00176074	23.625
62600	0.7106	0.260184	0.0118225	0.00176048	23.6628
62700	0.71163	0.260828	0.0118223	0.00176032	23.7006
62800	0.71266	0.261473	0.0118221	0.00176016	23.7383
62900	0.71369	0.262119	0.0118362	0.00175231	23.7763
63000	0.714721	0.262765	0.0118365	0.00175257	23.8142
63100	0.71575	0.263412	0.0118225	0.00176054	23.8521
63200	0.716778	0.26406	0.0118224	0.00176038	23.8898
63300	0.717806	0.264708	0.0118221	0.00176022	23.9276
63400	0.718834	0.265357	0.0118363	0.00175222	23.9655
63500	0.719862	0.266007	0.0118364	0.00175248	24.0035
63600	0.720889	0.266657	0.0118224	0.0017606	24.0413
63700	0.721915	0.267308	0.0118225	0.00176043	24.0791
63800	0.722941	0.26796	0.0118222	0.00176027	24.1169
63900	0.723966	0.268613	0.0118356	0.001752	24.1547
64000	0.724992	0.269266	0.0118363	0.00175239	24.1927
64100	0.726018	0.269919	0.0118235	0.00176086	24.2306
64200	0.727042	0.270574	0.0118225	0.00176049	24.2684
64300	0.728065	0.271229	0.0118223	0.00176033	24.3062
64400	0.729088	0.271885	0.0118221	0.00176017	24.3439
64500	0.730112	0.272542	0.0118362	0.0017523	24.3819
64600	0.731136	0.273199	0.0118365	0.00175256	24.4198
64700	0.732158	0.273857	0.0118225	0.00176055	24.4577
64800	0.733179	0.274515	0.0118224	0.00176038	24.4954
64900	0.7342	0.275174	0.0118222	0.00176022	24.5332
65000	0.735221	0.275834	0.0118363	0.0017522	24.5711
65100	0.736242	0.276495	0.0118364	0.00175247	24.609
65200	0.737263	0.277156	0.0118224	0.00176061	24.6469
65300	0.738282	0.277818	0.0118225	0.00176044	24.6847
65400	0.7393	0.278481	0.0118223	0.00176028	24.7225
65500	0.740319	0.279144	0.0118347	0.00175183	24.7603
65600	0.741338	0.279808	0.0118363	0.00175238	24.7983
65700	0.742357	0.280472	0.0118251	0.00176114	24.8362
65800	0.743373	0.281138	0.0118225	0.0017605	24.874
65900	0.74439	0.281804	0.0118223	0.00176034	24.9118
66000	0.745406	0.28247	0.0118221	0.00176018	24.9495
66100	0.746422	0.283137	0.0118362	0.00175228	24.9875
66200	0.747439	0.283805	0.0118365	0.00175255	25.0254
66300	0.748454	0.284474	0.0118225	0.00176056	25.0633
66400	0.749468	0.285143	0.0118224	0.00176039	25.101
66500	0.750482	0.285813	0.0118222	0.00176023	25.1388
66600	0.751496	0.286484	0.0118363	0.00175219	25.1767
66700	0.75251	0.287155	0.0118364	0.00175246	25.2146
66800	0.753524	0.287827	0.0118224	0.00176062	25.2525
66900	0.754536	0.2885	0.0118225	0.00176045	25.2903
67000	0.755547	0.289173	0.0118223	0.00176029	25.3281
67100	0.756559	0.289847	0.0118323	0.00175149	25.3659
67200	0.757571	0.290522	0.0118363	0.00175236	25.4039
67300	0.758583	0.291197	0.0118282	0.00176103	25.4418
67400	0.759592	0.291873	0.0118225	0.00176051	25.4796
67500	0.760602	0.29255	0.0118224	0.00176034	25.5174
67600	0.761611	0.293227	0.0118221	0.00176019	25.5551
67700	0.76262	0.293905	0.0118362	0.00175227	25.5931
67800	0.763629	0.294583	0.0118365	0.00175253	25.631
67900	0.764638	0.295263	0.0118225	0.00176057	25.6689
68000	0.765645	0.295943	0.0118224	0.0017604	25.7066
68100	0.766651	0.296624	0.0118222	0.00176024	25.7444
68200	0.767658	0.297305	0.0118363	0.00175217	25.7823
68300	0.768665	0.297987	0.0118363	0.00175244	25.8202
68400	0.769672	0.298669	0.0118224	0.00176063	25.8581
68500	0.770676	0.299353	0.0118225	0.00176046	25.8959
68600	0.771681	0.300037	0.0118223	0.0017603	25.9337
68700	0.772685	0.300721	0.0118285	0.00175269	25.9715
68800	0.77369	0.301407	0.0118363	0.00175235	26.0094
68900	0.774694	0.302093	0.0118366	0.00175261	26.0474
69000	0.775697	0.302779	0.0118225	0.00176052	26.0852
69100	0.776699	0.303467	0.0118224	0.00176035	26.123
69200	0.777701	0.304155	0.0118221	0.00176019	26.1607
69300	0.778703	0.304843	0.0118362	0.00175226	26.1987
69400	0.779705	0.305532	0.0118364	0.00175252	26.2366
69500	0.780706	0.306222	0.0118225	0.00176058	26.2745
69600	0.781706	0.306913	0.0118224	0.00176041	26.3122
69700	0.782705	0.307604	0.0118222	0.00176025	26.35
69800	0.783705	0.308296	0.0118362	0.00175215	26.3879
69900	0.784705	0.308989	0.0118363	0.00175243	26.4258
70000	0.785704	0.309682	0.0118225	0.00176065	26.4638
70100	0.786701	0.310376	0.0118225	0.00176047	26.5015
70200	0.787698	0.31107	0.0118223	0.0017603	26.5393
70300	0.788695	0.311766	0.011822	0.00176015	26.5771
70400	0.789693	0.312461	0.0118363	0.00175234	26.615
70500	0.79069	0.313158	0.0118366	0.0017526	26.653
70600	0.791685	0.313855	0.0118225	0.00176052	26.6908
70700	0.79268	0.314553	0.0118224	0.00176036	26.7286
70800	0.793674	0.315252	0.0118221	0.0017602	26.7664
70900	0.794669	0.315951	0.0118362	0.00175224	26.8042
71000	0.795664	0.31665	0.0118364	0.00175251	26.8422
71100	0.796658	0.317351	0.0118225	0.00176058	26.8801
71200	0.79765	0.318052	0.0118225	0.00176042	26.9179
71300	0.798642	0.318754	0.0118222	0.00176026	26.9556
71400	0.799634	0.319456	0.0118362	0.00175213	26.9935
71500	0.800627	0.320159	0.0118363	0.00175242	27.0314
71600	0.801619	0.320863	0.0118226	0.00176068	27.0694
71700	0.802609	0.321568	0.0118225	0.00176047	27.1071
71800	0.803598	0.322273	0.0118223	0.00176031	27.1449
71900	0.804588	0.322978	0.011822	0.00176016	27.1827
72000	0.805578	0.323685	0.0118363	0.00175232	27.2206
72100	0.806568	0.324392	0.0118365	0.00175258	27.2586
72200	0.807556	0.325099	0.0118225	0.00176053	27.2964
72300	0.808543	0.325808	0.0118224	0.00176037	27.3342
72400	0.80953	0.326517	0.0118221	0.00176021	27.372
72500	0.810517	0.327226	0.0118362	0.00175223	27.4098
72600	0.811505	0.327937	0.0118364	0.00175249	27.4478
72700	0.812491	0.328648	0.0118224	0.00176059	27.4857
72800	0.813476	0.329359	0.0118225	0.00176042	27.5235
72900	0.81446	0.330072	0.0118222	0.00176026	27.5612
73000	0.815445	0.330784	0.011836	0.00175208	27.5991
73100	0.81643	0.331498	0.0118363	0.0017524	27.637
73200	0.817414	0.332212	0.0118228	0.00176074	27.675
73300	0.818397	0.332927	0.0118225	0.00176048	27.7127
73400	0.819379	0.333642	0.0118223	0.00176032	27.7505
73500	0.820361	0.334359	0.0118221	0.00176016	27.7883
73600	0.821343	0.335075	0.0118362	0.00175231	27.8262
73700	0.822326	0.335793	0.0118365	0.00175257	27.8642
73800	0.823306	0.336511	0.0118225	0.00176054	27.902
73900	0.824286	0.33723	0.0118224	0.00176038	27.9398
74000	0.825265	0.337949	0.0118221	0.00176022	27.9776
