100	0.00124508	0.000134505	0.168923	-0.00309131	1.98062	0.028455
200	0.00288864	0.000311366	0.167441	-0.00752017	4.78256	0.0641654
300	0.00439904	0.000490926	0.166232	-0.0119202	6.89152	0.0999336
400	0.00578603	0.000671716	0.165318	-0.0161877	8.27222	0.13575
500	0.00709402	0.000853522	0.164628	-0.0203005	9.13237	0.171678
600	0.00835543	0.00103619	0.164097	-0.0241645	9.65764	0.207789
700	0.0095902	0.00121979	0.163676	-0.0278357	9.97594	0.244077
800	0.0108093	0.00140423	0.163333	-0.031276	10.1685	0.280531
900	0.0120199	0.00158942	0.163048	-0.034466	10.2853	0.317155
1000	0.0132256	0.00177534	0.162807	-0.037396	10.3564	0.353933
1100	0.0144288	0.00196226	0.162599	-0.0402348	10.4001	0.390806
1200	0.0156297	0.00214966	0.16242	-0.0427964	10.4272	0.427779
1300	0.0168306	0.00233782	0.162264	-0.045153	10.4442	0.464873
1400	0.0180308	0.00252642	0.162128	-0.0472149	10.4551	0.502084
1500	0.0192311	0.00271578	0.162009	-0.0491383	10.4622	0.539362
1600	0.0204313	0.00290601	0.161904	-0.050998	10.467	0.576676
1700	0.0216315	0.00309671	0.161813	-0.0526471	10.4702	0.614067
1800	0.0228318	0.00328749	0.161732	-0.0538022	10.4725	0.651621
1900	0.0240324	0.0034804	0.161661	-0.0555879	10.4741	0.688991
2000	0.0252331	0.00367224	0.161599	-0.0563536	10.4753	0.726684
2100	0.0264347	0.00386636	0.161544	-0.0577629	10.4763	0.764212
2200	0.0276343	0.00405959	0.161496	-0.0584301	10.477	0.801906
2300	0.0288373	0.00425421	0.161453	-0.0590998	10.4775	0.839706
2400	0.0300381	0.00445028	0.161416	-0.0602336	10.478	0.877298
2500	0.0312372	0.00464578	0.161385	-0.0607882	10.4783	0.915016
2600	0.0324386	0.00484246	0.161356	-0.0613383	10.4786	0.952806
2700	0.0336419	0.0050403	0.16133	-0.0618812	10.4789	0.990659
2800	0.0348445	0.00523915	0.161308	-0.0625536	10.4792	1.02845
2900	0.0360433	0.00543773	0.161289	-0.0629594	10.4788	1.06621
3000	0.0372418	0.00563703	0.161273	-0.0633843	10.4789	1.10396
3100	0.0384412	0.00583732	0.161259	-0.0637977	10.4791	1.14173
3200	0.0396417	0.00603857	0.161246	-0.0641988	10.4793	1.17954
3300	0.0408429	0.00624077	0.161234	-0.0645867	10.4795	1.21738
3400	0.0420449	0.00644389	0.161223	-0.0649611	10.4797	1.25525
3500	0.0432475	0.00664793	0.161214	-0.0653215	10.4798	1.29314
3600	0.0444507	0.00685286	0.161205	-0.0656678	10.48	1.33105
3700	0.0456544	0.00705868	0.161198	-0.066	10.4801	1.36899
3800	0.0468584	0.00726538	0.161191	-0.0663181	10.4802	1.40694
3900	0.0480606	0.00747258	0.161185	-0.0666115	10.4803	1.44484
4000	0.0492579	0.00767917	0.161182	-0.0665712	10.4797	1.4827
4100	0.0504546	0.00788589	0.161179	-0.0662581	10.4792	1.52062
4200	0.0516514	0.00809346	0.161177	-0.0659623	10.4788	1.55854
4300	0.0528483	0.00830187	0.161175	-0.0656828	10.4784	1.59646
4400	0.0540453	0.00851112	0.161173	-0.0654189	10.4781	1.63439
4500	0.0552423	0.0087212	0.161171	-0.0651695	10.4778	1.67233
4600	0.0564393	0.00893212	0.161169	-0.0649338	10.4775	1.71026
4700	0.0576353	0.00914449	0.161168	-0.0651544	10.4775	1.74804
4800	0.0588308	0.00935777	0.161167	-0.0654513	10.4778	1.78579
4900	0.0600263	0.00957183	0.161167	-0.065732	10.478	1.82354
5000	0.0612217	0.00978666	0.161166	-0.0659973	10.4783	1.86129
5100	0.0624183	0.0100016	0.161165	-0.0657374	10.4782	1.89923
5200	0.0636148	0.0102173	0.161164	-0.065498	10.4779	1.93718
5300	0.0648101	0.0104346	0.161163	-0.0657759	10.4779	1.97493
5400	0.0660051	0.0106526	0.161163	-0.0660384	10.4781	2.01269
5500	0.0672001	0.0108714	0.161163	-0.0662864	10.4784	2.05046
5600	0.0683954	0.0110906	0.161162	-0.0662777	10.4785	2.0883
5700	0.0695914	0.0113103	0.161161	-0.0659808	10.4782	2.12626
5800	0.0707868	0.0115311	0.161161	-0.0659641	10.478	2.16413
5900	0.0719813	0.0117531	0.161161	-0.0662153	10.4781	2.2019
6000	0.0731757	0.0119759	0.161161	-0.0664526	10.4784	2.23967
6100	0.0743699	0.0121994	0.161161	-0.0666703	10.4786	2.27743
6200	0.0755653	0.012423	0.16116	-0.0663519	10.4784	2.3154
6300	0.0767606	0.0126474	0.161159	-0.0660612	10.4781	2.35336
6400	0.0779546	0.0128733	0.16116	-0.0663057	10.4781	2.39113
6500	0.0791483	0.0131	0.16116	-0.0665372	10.4783	2.4289
6600	0.0803418	0.0133275	0.16116	-0.0667558	10.4785	2.46667
6700	0.081536	0.0135553	0.161159	-0.0666293	10.4785	2.50456
6800	0.0827306	0.0137837	0.161159	-0.0663111	10.4783	2.54253
6900	0.0839244	0.0140133	0.161159	-0.0663433	10.4781	2.58038
7000	0.0851174	0.0142439	0.161159	-0.0665719	10.4782	2.61815
7100	0.0863103	0.0144754	0.161159	-0.0667879	10.4784	2.65593
7200	0.0875032	0.0147074	0.161159	-0.0668508	10.4786	2.69375
7300	0.0886972	0.0149396	0.161158	-0.06652	10.4784	2.73172
7400	0.0898907	0.0151729	0.161158	-0.0663427	10.4781	2.76964
7500	0.091083	0.0154075	0.161158	-0.0665707	10.4782	2.80741
7600	0.0922751	0.0156429	0.161159	-0.0667863	10.4784	2.84519
7700	0.0934671	0.015879	0.161159	-0.0669899	10.4786	2.88296
7800	0.09466	0.0161153	0.161158	-0.0666975	10.4785	2.92091
7900	0.095853	0.0163523	0.161158	-0.0663743	10.4782	2.95888
8000	0.0970448	0.0165908	0.161158	-0.0665432	10.4781	2.99668
8100	0.0982362	0.0168301	0.161158	-0.0667598	10.4783	3.03446
8200	0.0994273	0.0170702	0.161158	-0.0669645	10.4785	3.07223
8300	0.100619	0.0173106	0.161158	-0.0668566	10.4785	3.11011
8400	0.101811	0.0175516	0.161158	-0.0665244	10.4783	3.14808
8500	0.103003	0.0177937	0.161158	-0.0665011	10.4781	3.18595
8600	0.104193	0.018037	0.161158	-0.0667197	10.4782	3.22373
8700	0.105384	0.018281	0.161158	-0.0669263	10.4784	3.2615
8800	0.106574	0.0185256	0.161158	-0.067002	10.4786	3.29932
8900	0.107766	0.0187705	0.161158	-0.0666617	10.4784	3.33729
9000	0.108957	0.0190163	0.161158	-0.0664486	10.4781	3.37522
9100	0.110146	0.0192635	0.161158	-0.0666698	10.4782	3.413
9200	0.111336	0.0195115	0.161158	-0.0668789	10.4783	3.45077
9300	0.112526	0.0197602	0.161158	-0.0670766	10.4785	3.48855
9400	0.113716	0.0200091	0.161158	-0.0667942	10.4785	3.52649
9500	0.114906	0.0202587	0.161157	-0.0664649	10.4782	3.56447
9600	0.116096	0.0205097	0.161158	-0.0666073	10.4781	3.60227
9700	0.117284	0.0207616	0.161158	-0.0668198	10.4783	3.64005
9800	0.118473	0.0210142	0.161158	-0.0670206	10.4785	3.67782
9900	0.119662	0.0212673	0.161158	-0.0669249	10.4785	3.7157
10000	0.120852	0.0215208	0.161158	-0.0665884	10.4783	3.75367
10100	0.122041	0.0217755	0.161158	-0.0665398	10.4781	3.79155
10200	0.123229	0.0220313	0.161158	-0.0667558	10.4782	3.82932
10300	0.124416	0.0222879	0.161158	-0.06696	10.4784	3.8671
10400	0.125604	0.0225452	0.161158	-0.0670605	10.4786	3.90491
10500	0.126793	0.0228026	0.161158	-0.0667166	10.4784	3.94288
10600	0.127981	0.023061	0.161157	-0.0664677	10.4781	3.98082
10700	0.129169	0.0233207	0.161158	-0.0666875	10.4781	4.0186
10800	0.130355	0.0235812	0.161158	-0.0668954	10.4783	4.05637
10900	0.131542	0.0238425	0.161158	-0.0670919	10.4785	4.09415
11000	0.13273	0.024104	0.161158	-0.0668396	10.4785	4.13208
11100	0.133918	0.0243662	0.161157	-0.0665076	10.4782	4.17006
11200	0.135104	0.0246297	0.161158	-0.0666162	10.4781	4.20788
11300	0.13629	0.0248941	0.161158	-0.0668279	10.4782	4.24565
11400	0.137476	0.0251594	0.161158	-0.067028	10.4784	4.28343
11500	0.138662	0.025425	0.161158	-0.0669637	10.4785	4.32129
11600	0.139849	0.0256911	0.161158	-0.0666249	10.4783	4.35926
11700	0.141036	0.0259583	0.161158	-0.0665422	10.4781	4.39715
11800	0.142221	0.0262267	0.161158	-0.0667579	10.4782	4.43493
11900	0.143406	0.0264958	0.161158	-0.0669619	10.4784	4.4727
12000	0.144591	0.0267656	0.161158	-0.0670892	10.4786	4.5105
12100	0.145777	0.0270356	0.161158	-0.0667437	10.4784	4.54847
12200	0.146962	0.0273064	0.161157	-0.0664659	10.4781	4.58643
12300	0.148147	0.0275787	0.161158	-0.0666858	10.4781	4.6242
12400	0.149331	0.0278518	0.161158	-0.0668937	10.4783	4.66198
12500	0.150515	0.0281256	0.161158	-0.0670902	10.4785	4.69975
12600	0.151699	0.0283996	0.161158	-0.0668641	10.4785	4.73768
12700	0.152884	0.0286743	0.161157	-0.0665307	10.4782	4.77565
12800	0.154068	0.0289504	0.161158	-0.0666117	10.4781	4.81348
12900	0.155251	0.0292273	0.161158	-0.0668236	10.4782	4.85126
13000	0.156434	0.0295051	0.161158	-0.0670239	10.4784	4.88903
13100	0.157618	0.0297833	0.161158	-0.0669864	10.4785	4.92689
13200	0.158802	0.0300619	0.161158	-0.0666464	10.4783	4.96486
13300	0.159985	0.0303416	0.161158	-0.0665358	10.4781	5.00276
13400	0.161168	0.0306225	0.161158	-0.0667518	10.4782	5.04053
13500	0.16235	0.0309041	0.161158	-0.066956	10.4784	5.07831
13600	0.163532	0.0311864	0.161158	-0.0671109	10.4786	5.11609
13700	0.164715	0.0314689	0.161158	-0.0667641	10.4784	5.15407
13800	0.165897	0.0317523	0.161157	-0.0664582	10.4781	5.19203
13900	0.167079	0.0320371	0.161158	-0.0666782	10.4781	5.22981
14000	0.16826	0.0323226	0.161158	-0.0668865	10.4783	5.26758
14100	0.169441	0.032609	0.161158	-0.0670834	10.4785	5.30536
14200	0.170623	0.0328955	0.161158	-0.0668838	10.4785	5.34327
14300	0.171805	0.0331828	0.161157	-0.0665493	10.4782	5.38125
14400	0.172986	0.0334712	0.161158	-0.0666031	10.4781	5.41908
14500	0.174166	0.0337607	0.161158	-0.0668154	10.4782	5.45686
14600	0.175346	0.0340509	0.161158	-0.0670162	10.4784	5.49464
14700	0.176526	0.0343416	0.161158	-0.0670058	10.4785	5.53248
14800	0.177707	0.0346328	0.161158	-0.0666647	10.4783	5.57045
14900	0.178887	0.0349249	0.161158	-0.0665263	10.4781	5.60836
15000	0.180067	0.0352183	0.161158	-0.0667428	10.4782	5.64614
15100	0.181246	0.0355124	0.161158	-0.0669475	10.4784	5.68391
15200	0.182425	0.0358073	0.161158	-0.0671295	10.4785	5.72169
15300	0.183605	0.0361022	0.161158	-0.0667822	10.4784	5.75966
15400	0.184784	0.036398	0.161157	-0.0664532	10.4781	5.79763
15500	0.185963	0.0366953	0.161158	-0.0666686	10.4781	5.83541
15600	0.187141	0.0369933	0.161158	-0.0668774	10.4783	5.87319
15700	0.188319	0.0372921	0.161158	-0.0670748	10.4785	5.91096
15800	0.189497	0.0375912	0.161158	-0.066902	10.4785	5.94887
15900	0.190676	0.0378909	0.161157	-0.0665665	10.4782	5.98684
16000	0.191854	0.0381918	0.161158	-0.0665929	10.4781	6.02469
16100	0.193031	0.0384937	0.161158	-0.0668058	10.4782	6.06246
16200	0.194208	0.0387964	0.161158	-0.0670071	10.4784	6.10024
16300	0.195385	0.0390996	0.161158	-0.067024	10.4785	6.13808
16400	0.196563	0.0394032	0.161158	-0.0666819	10.4783	6.17605
16500	0.19774	0.0397078	0.161158	-0.0665157	10.4781	6.21397
16600	0.198916	0.0400136	0.161158	-0.0667328	10.4781	6.25174
16700	0.200092	0.0403201	0.161158	-0.0669381	10.4783	6.28952
16800	0.201268	0.0406275	0.161158	-0.0671321	10.4785	6.32729
16900	0.202445	0.0409349	0.161158	-0.0667996	10.4784	6.36526
17000	0.203621	0.0412432	0.161157	-0.0664696	10.4781	6.40323
17100	0.204797	0.0415529	0.161158	-0.0666583	10.4781	6.44102
17200	0.205971	0.0418633	0.161158	-0.0668676	10.4783	6.47879
17300	0.207146	0.0421745	0.161158	-0.0670655	10.4785	6.51657
17400	0.208321	0.0424861	0.161158	-0.0669195	10.4785	6.55446
17500	0.209497	0.0427982	0.161157	-0.0665831	10.4782	6.59244
17600	0.210672	0.0431115	0.161158	-0.0665822	10.4781	6.63029
17700	0.211845	0.0434259	0.161158	-0.0667957	10.4782	6.66807
17800	0.213019	0.043741	0.161158	-0.0669976	10.4784	6.70585
17900	0.214193	0.0440567	0.161158	-0.0670418	10.4785	6.74367
18000	0.215367	0.0443727	0.161158	-0.0666988	10.4783	6.78164
18100	0.216541	0.0446896	0.161157	-0.0665047	10.4781	6.81957
18200	0.217714	0.0450079	0.161158	-0.0667224	10.4781	6.85735
18300	0.218887	0.0453268	0.161158	-0.0669282	10.4783	6.89512
18400	0.220059	0.0456466	0.161158	-0.0671228	10.4785	6.9329
18500	0.221233	0.0459665	0.161158	-0.0668167	10.4784	6.97085
18600	0.222406	0.0462872	0.161157	-0.0664858	10.4781	7.00882
18700	0.223578	0.0466092	0.161158	-0.0666476	10.4781	7.04662
18800	0.224749	0.0469321	0.161158	-0.0668575	10.4783	7.0844
18900	0.225921	0.0472557	0.161158	-0.067056	10.4785	7.12217
19000	0.227092	0.0475797	0.161158	-0.066937	10.4785	7.16006
19100	0.228265	0.0479042	0.161158	-0.0665996	10.4782	7.19803
19200	0.229436	0.0482299	0.161158	-0.0665713	10.4781	7.2359
19300	0.230607	0.0485566	0.161158	-0.0667854	10.4782	7.27367
19400	0.231777	0.0488841	0.161158	-0.0669878	10.4784	7.31145
19500	0.232947	0.0492122	0.161158	-0.0670595	10.4786	7.34927
19600	0.234118	0.0495406	0.161158	-0.0667155	10.4783	7.38724
19700	0.235289	0.0498699	0.161157	-0.0664936	10.4781	7.42518
19800	0.236458	0.0502005	0.161158	-0.0667118	10.4781	7.46295
19900	0.237627	0.0505319	0.161158	-0.0669183	10.4783	7.50073
20000	0.238796	0.050864	0.161158	-0.0671134	10.4785	7.5385
20100	0.239966	0.0511963	0.161158	-0.0668338	10.4784	7.57645
20200	0.241136	0.0515294	0.161157	-0.066502	10.4781	7.61442
20300	0.242305	0.0518638	0.161158	-0.0666368	10.4781	7.65223
20400	0.243473	0.052199	0.161158	-0.0668473	10.4783	7.69
20500	0.24464	0.052535	0.161158	-0.0670463	10.4785	7.72778
20600	0.245809	0.0528714	0.161158	-0.0669543	10.4785	7.76565
20700	0.246977	0.0532083	0.161158	-0.066616	10.4783	7.80363
20800	0.248145	0.0535463	0.161158	-0.0665603	10.4781	7.8415
20900	0.249312	0.0538854	0.161158	-0.066775	10.4782	7.87928
21000	0.250479	0.0542252	0.161158	-0.066978	10.4784	7.91705
21100	0.251646	0.0545657	0.161158	-0.0670772	10.4786	7.95486
21200	0.252813	0.0549064	0.161158	-0.0667323	10.4784	7.99283
21300	0.253981	0.0552481	0.161157	-0.0664824	10.4781	8.03078
21400	0.255146	0.055591	0.161158	-0.0667012	10.4781	8.06856
21500	0.256312	0.0559347	0.161158	-0.0669082	10.4783	8.10633
21600	0.257477	0.0562792	0.161158	-0.0671039	10.4785	8.14411
21700	0.258644	0.0566239	0.161158	-0.0668508	10.4785	8.18204
21800	0.25981	0.0569693	0.161157	-0.0665181	10.4782	8.22001
21900	0.260975	0.057316	0.161158	-0.066626	10.4781	8.25783
22000	0.262139	0.0576635	0.161158	-0.0668371	10.4782	8.29561
22100	0.263303	0.0580118	0.161158	-0.0670366	10.4784	8.33338
22200	0.264468	0.0583606	0.161158	-0.0669717	10.4785	8.37125
22300	0.265633	0.0587098	0.161158	-0.0666325	10.4783	8.40922
22400	0.266798	0.0590601	0.161158	-0.0665493	10.4781	8.44711
22500	0.267961	0.0594115	0.161158	-0.0667645	10.4782	8.48488
22600	0.269124	0.0597637	0.161158	-0.0669681	10.4784	8.52266
22700	0.270287	0.0601165	0.161158	-0.0670949	10.4786	8.56046
22800	0.271451	0.0604696	0.161158	-0.0667491	10.4784	8.59843
22900	0.272614	0.0608235	0.161157	-0.066471	10.4781	8.63638
23000	0.273777	0.0611788	0.161158	-0.0666905	10.4781	8.67416
23100	0.274938	0.0615348	0.161158	-0.0668981	10.4783	8.71194
23200	0.2761	0.0618915	0.161158	-0.0670943	10.4785	8.74971
23300	0.277262	0.0622485	0.161158	-0.0668679	10.4785	8.78764
23400	0.278425	0.0626063	0.161157	-0.0665343	10.4782	8.82561
23500	0.279586	0.0629652	0.161158	-0.0666151	10.4781	8.86344
23600	0.280747	0.063325	0.161158	-0.0668268	10.4782	8.90121
23700	0.281908	0.0636856	0.161158	-0.0670269	10.4784	8.93899
23800	0.283068	0.0640467	0.161158	-0.0669892	10.4785	8.97684
23900	0.28423	0.0644082	0.161158	-0.0666489	10.4783	9.01482
24000	0.28539	0.0647708	0.161158	-0.0665381	10.4781	9.05271
24100	0.28655	0.0651345	0.161158	-0.066754	10.4782	9.09049
24200	0.287709	0.0654989	0.161158	-0.0669581	10.4784	9.12826
24300	0.288868	0.065864	0.161158	-0.0671129	10.4786	9.16605
24400	0.290028	0.0662294	0.161158	-0.0667659	10.4784	9.20402
24500	0.291188	0.0665956	0.161157	-0.0664599	10.4781	9.24199
24600	0.292347	0.0669631	0.161158	-0.0666798	10.4781	9.27976
24700	0.293505	0.0673314	0.161158	-0.066888	10.4783	9.31754
24800	0.294662	0.0677004	0.161158	-0.0670847	10.4785	9.35532
24900	0.295821	0.0680697	0.161158	-0.0668851	10.4785	9.39323
25000	0.29698	0.0684397	0.161157	-0.0665505	10.4782	9.4312
25100	0.298137	0.0688108	0.161158	-0.0666042	10.4781	9.46904
25200	0.299294	0.0691829	0.161158	-0.0668164	10.4782	9.50682
25300	0.300451	0.0695558	0.161158	-0.0670171	10.4784	9.54459
25400	0.301607	0.0699291	0.161158	-0.0670066	10.4785	9.58244
25500	0.302765	0.0703029	0.161158	-0.0666655	10.4783	9.62041
25600	0.303922	0.0706777	0.161158	-0.066527	10.4781	9.65832
25700	0.305077	0.0710536	0.161158	-0.0667435	10.4782	9.69609
25800	0.306233	0.0714303	0.161158	-0.0669481	10.4784	9.73387
25900	0.307388	0.0718077	0.161158	-0.0671301	10.4785	9.77165
26000	0.308544	0.0721852	0.161158	-0.0667827	10.4784	9.80962
26100	0.3097	0.0725636	0.161157	-0.0664537	10.4781	9.84759
26200	0.310854	0.0729434	0.161158	-0.0666691	10.4781	9.88537
26300	0.312008	0.0733239	0.161158	-0.0668778	10.4783	9.92315
26400	0.313162	0.0737051	0.161158	-0.0670751	10.4785	9.96092
26500	0.314317	0.0740867	0.161158	-0.0669023	10.4785	9.99883
26600	0.315471	0.0744689	0.161157	-0.0665668	10.4782	10.0368
26700	0.316625	0.0748522	0.161158	-0.0665932	10.4781	10.0746
26800	0.317778	0.0752365	0.161158	-0.0668061	10.4782	10.1124
26900	0.318931	0.0756216	0.161158	-0.0670073	10.4784	10.1502
27000	0.320083	0.0760071	0.161158	-0.0670242	10.4785	10.188
27100	0.321237	0.0763931	0.161158	-0.0666821	10.4783	10.226
27200	0.32239	0.0767801	0.161157	-0.0665158	10.4781	10.2639
27300	0.323541	0.0771682	0.161158	-0.0667329	10.4781	10.3017
27400	0.324692	0.0775571	0.161158	-0.0669381	10.4783	10.3395
27500	0.325843	0.0779467	0.161158	-0.0671321	10.4785	10.3772
27600	0.326996	0.0783365	0.161158	-0.0667996	10.4784	10.4152
27700	0.328148	0.0787271	0.161157	-0.0664697	10.4781	10.4532
27800	0.329298	0.079119	0.161158	-0.0666583	10.4781	10.491
27900	0.330448	0.0795116	0.161158	-0.0668676	10.4783	10.5287
28000	0.331598	0.079905	0.161158	-0.0670655	10.4785	10.5665
28100	0.332748	0.0802988	0.161158	-0.0669195	10.4785	10.6044
28200	0.333899	0.0806932	0.161157	-0.0665831	10.4782	10.6424
28300	0.335048	0.0810887	0.161158	-0.0665822	10.4781	10.6803
28400	0.336197	0.0814851	0.161158	-0.0667957	10.4782	10.718
28500	0.337345	0.0818823	0.161158	-0.0669975	10.4784	10.7558
28600	0.338494	0.0822801	0.161158	-0.0670417	10.4785	10.7936
28700	0.339643	0.0826783	0.161158	-0.0666987	10.4783	10.8316
28800	0.340792	0.0830774	0.161157	-0.0665046	10.4781	10.8695
28900	0.341939	0.0834777	0.161158	-0.0667223	10.4781	10.9073
29000	0.343087	0.0838787	0.161158	-0.0669281	10.4783	10.9451
29100	0.344233	0.0842804	0.161158	-0.0671227	10.4785	10.9829
29200	0.345381	0.0846824	0.161158	-0.0668166	10.4784	11.0208
29300	0.346529	0.0850851	0.161157	-0.0664857	10.4781	11.0588
29400	0.347675	0.0854891	0.161158	-0.0666475	10.4781	11.0966
29500	0.348821	0.0858939	0.161158	-0.0668574	10.4783	11.1344
29600	0.349967	0.0862994	0.161158	-0.0670558	10.4785	11.1721
29700	0.351113	0.0867054	0.161158	-0.0669368	10.4785	11.21
29800	0.352259	0.0871119	0.161158	-0.0665994	10.4782	11.248
29900	0.353404	0.0875195	0.161158	-0.0665712	10.4781	11.2859
30000	0.354549	0.0879281	0.161158	-0.0667852	10.4782	11.3236
30100	0.355693	0.0883374	0.161158	-0.0669876	10.4784	11.3614
30200	0.356837	0.0887473	0.161158	-0.0670593	10.4786	11.3992
30300	0.357982	0.0891576	0.161158	-0.0667153	10.4783	11.4372
30400	0.359127	0.0895688	0.161157	-0.0664934	10.4781	11.4751
30500	0.36027	0.0899812	0.161158	-0.0667117	10.4781	11.5129
30600	0.361413	0.0903943	0.161158	-0.0669181	10.4783	11.5507
30700	0.362555	0.0908081	0.161158	-0.0671132	10.4785	11.5885
30800	0.363699	0.0912222	0.161158	-0.0668336	10.4784	11.6264
30900	0.364842	0.0916371	0.161157	-0.0665018	10.4781	11.6644
31000	0.365984	0.0920532	0.161158	-0.0666366	10.4781	11.7022
31100	0.367126	0.09247	0.161158	-0.0668471	10.4783	11.74
31200	0.368267	0.0928877	0.161158	-0.0670461	10.4785	11.7777
31300	0.369408	0.0933057	0.161158	-0.0669541	10.4785	11.8156
31400	0.37055	0.0937243	0.161158	-0.0666158	10.4783	11.8536
31500	0.371692	0.094144	0.161158	-0.0665601	10.4781	11.8915
31600	0.372832	0.0945647	0.161158	-0.0667748	10.4782	11.9292
31700	0.373971	0.094986	0.161158	-0.0669777	10.4784	11.967
31800	0.375111	0.0954081	0.161158	-0.067077	10.4786	12.0048
31900	0.376252	0.0958304	0.161158	-0.066732	10.4784	12.0428
32000	0.377392	0.0962537	0.161157	-0.0664821	10.4781	12.0807
32100	0.378531	0.0966781	0.161158	-0.066701	10.4781	12.1185
32200	0.379669	0.0971033	0.161158	-0.066908	10.4783	12.1563
32300	0.380807	0.0975292	0.161158	-0.0671036	10.4785	12.1941
32400	0.381946	0.0979554	0.161158	-0.0668506	10.4785	12.232
32500	0.383085	0.0983823	0.161157	-0.0665179	10.4782	12.27
32600	0.384223	0.0988104	0.161158	-0.0666257	10.4781	12.3078
32700	0.38536	0.0992393	0.161158	-0.0668368	10.4782	12.3456
32800	0.386496	0.0996689	0.161158	-0.0670364	10.4784	12.3833
32900	0.387633	0.100099	0.161158	-0.0669715	10.4785	12.4212
33000	0.388771	0.10053	0.161158	-0.0666322	10.4783	12.4592
33100	0.389908	0.100961	0.161158	-0.066549	10.4781	12.4971
33200	0.391043	0.101394	0.161158	-0.0667643	10.4782	12.5348
33300	0.392178	0.101828	0.161158	-0.0669678	10.4784	12.5726
33400	0.393314	0.102262	0.161158	-0.0670947	10.4786	12.6104
33500	0.39445	0.102696	0.161158	-0.0667488	10.4784	12.6484
33600	0.395585	0.103131	0.161157	-0.0664707	10.4781	12.6863
33700	0.39672	0.103568	0.161158	-0.0666903	10.4781	12.7241
33800	0.397853	0.104005	0.161158	-0.0668979	10.4783	12.7619
33900	0.398987	0.104443	0.161158	-0.0670941	10.4785	12.7997
34000	0.400121	0.104881	0.161158	-0.0668677	10.4785	12.8376
34100	0.401256	0.10532	0.161157	-0.066534	10.4782	12.8756
34200	0.402389	0.10576	0.161158	-0.0666148	10.4781	12.9134
34300	0.403521	0.106201	0.161158	-0.0668265	10.4782	12.9512
34400	0.404653	0.106643	0.161158	-0.0670266	10.4784	12.9889
34500	0.405786	0.107085	0.161158	-0.0669889	10.4785	13.0268
34600	0.406918	0.107527	0.161158	-0.0666487	10.4783	13.0648
34700	0.408051	0.107971	0.161158	-0.0665379	10.4781	13.1027
34800	0.409182	0.108416	0.161158	-0.0667538	10.4782	13.1404
34900	0.410312	0.108861	0.161158	-0.0669579	10.4784	13.1782
35000	0.411443	0.109307	0.161158	-0.0671126	10.4786	13.216
35100	0.412574	0.109753	0.161158	-0.0667656	10.4784	13.254
35200	0.413705	0.110201	0.161157	-0.0664596	10.4781	13.2919
35300	0.414835	0.110649	0.161158	-0.0666796	10.4781	13.3297
35400	0.415964	0.111098	0.161158	-0.0668877	10.4783	13.3675
35500	0.417093	0.111548	0.161158	-0.0670845	10.4785	13.4053
35600	0.418222	0.111998	0.161158	-0.0668848	10.4785	13.4432
35700	0.419352	0.112449	0.161157	-0.0665502	10.4782	13.4812
35800	0.42048	0.112901	0.161158	-0.0666039	10.4781	13.519
35900	0.421608	0.113354	0.161158	-0.0668162	10.4782	13.5568
36000	0.422735	0.113808	0.161158	-0.0670168	10.4784	13.5945
36100	0.423863	0.114262	0.161158	-0.0670064	10.4785	13.6324
36200	0.424991	0.114716	0.161158	-0.0666652	10.4783	13.6704
36300	0.426119	0.115172	0.161158	-0.0665267	10.4781	13.7083
36400	0.427245	0.115628	0.161158	-0.0667432	10.4782	13.7461
36500	0.428371	0.116086	0.161158	-0.0669479	10.4784	13.7838
36600	0.429496	0.116544	0.161158	-0.0671298	10.4785	13.8216
36700	0.430623	0.117002	0.161158	-0.0667825	10.4784	13.8596
36800	0.431749	0.117461	0.161157	-0.0664534	10.4781	13.8975
36900	0.432874	0.117922	0.161158	-0.0666688	10.4781	13.9353
37000	0.433998	0.118383	0.161158	-0.0668775	10.4783	13.9731
37100	0.435122	0.118844	0.161158	-0.0670749	10.4785	14.0109
37200	0.436247	0.119307	0.161158	-0.066902	10.4785	14.0488
37300	0.437372	0.119769	0.161157	-0.0665665	10.4782	14.0868
37400	0.438495	0.120233	0.161158	-0.0665929	10.4781	14.1246
37500	0.439618	0.120698	0.161158	-0.0668058	10.4782	14.1624
37600	0.440741	0.121163	0.161158	-0.067007	10.4784	14.2002
37700	0.441863	0.121629	0.161158	-0.0670239	10.4785	14.238
37800	0.442987	0.122096	0.161158	-0.0666818	10.4783	14.276
37900	0.444109	0.122563	0.161157	-0.0665156	10.4781	14.3139
38000	0.445231	0.123032	0.161158	-0.0667326	10.4781	14.3517
38100	0.446352	0.123501	0.161158	-0.0669379	10.4783	14.3894
38200	0.447472	0.123971	0.161158	-0.0671319	10.4785	14.4272
38300	0.448594	0.124441	0.161158	-0.0667994	10.4784	14.4652
38400	0.449715	0.124912	0.161157	-0.0664694	10.4781	14.5031
38500	0.450835	0.125384	0.161158	-0.066658	10.4781	14.5409
38600	0.451955	0.125857	0.161158	-0.0668673	10.4783	14.5787
38700	0.453074	0.126331	0.161158	-0.0670652	10.4785	14.6165
38800	0.454193	0.126805	0.161158	-0.0669192	10.4785	14.6544
38900	0.455313	0.12728	0.161157	-0.0665828	10.4782	14.6923
39000	0.456432	0.127755	0.161158	-0.0665819	10.4781	14.7302
39100	0.45755	0.128232	0.161158	-0.0667954	10.4782	14.768
39200	0.458667	0.128709	0.161158	-0.0669972	10.4784	14.8058
39300	0.459785	0.129187	0.161158	-0.0670414	10.4785	14.8436
39400	0.460903	0.129665	0.161158	-0.0666984	10.4783	14.8816
39500	0.462021	0.130145	0.161157	-0.0665044	10.4781	14.9195
39600	0.463137	0.130625	0.161158	-0.066722	10.4781	14.9573
39700	0.464253	0.131106	0.161158	-0.0669278	10.4783	14.995
39800	0.465369	0.131588	0.161158	-0.0671224	10.4785	15.0328
39900	0.466485	0.13207	0.161158	-0.0668163	10.4784	15.0708
40000	0.467602	0.132553	0.161157	-0.0664854	10.4781	15.1087
40100	0.468717	0.133036	0.161158	-0.0666472	10.4781	15.1465
40200	0.469831	0.133521	0.161158	-0.0668571	10.4783	15.1843
40300	0.470945	0.134007	0.161158	-0.0670555	10.4785	15.2221
40400	0.47206	0.134492	0.161158	-0.0669365	10.4785	15.26
40500	0.473174	0.134979	0.161158	-0.0665991	10.4782	15.2979
40600	0.474288	0.135466	0.161158	-0.0665709	10.4781	15.3358
40700	0.475401	0.135955	0.161158	-0.066785	10.4782	15.3736
40800	0.476513	0.136444	0.161158	-0.0669873	10.4784	15.4114
40900	0.477626	0.136934	0.161158	-0.0670591	10.4786	15.4492
41000	0.478739	0.137424	0.161158	-0.0667151	10.4783	15.4872
41100	0.479852	0.137915	0.161157	-0.0664931	10.4781	15.5251
41200	0.480963	0.138407	0.161158	-0.0667114	10.4781	15.5629
41300	0.482074	0.1389	0.161158	-0.0669178	10.4783	15.6006
41400	0.483184	0.139393	0.161158	-0.0671129	10.4785	15.6384
41500	0.484295	0.139887	0.161158	-0.0668333	10.4784	15.6764
41600	0.485407	0.140382	0.161157	-0.0665015	10.4781	15.7143
41700	0.486516	0.140877	0.161158	-0.0666363	10.4781	15.7521
41800	0.487626	0.141374	0.161158	-0.0668468	10.4783	15.7899
41900	0.488734	0.141871	0.161158	-0.0670458	10.4785	15.8277
42000	0.489844	0.142368	0.161158	-0.0669538	10.4785	15.8656
42100	0.490953	0.142867	0.161158	-0.0666155	10.4783	15.9035
42200	0.492062	0.143366	0.161158	-0.0665598	10.4781	15.9414
42300	0.493169	0.143866	0.161158	-0.0667745	10.4782	15.9792
42400	0.494277	0.144367	0.161158	-0.0669774	10.4784	16.017
42500	0.495384	0.144868	0.161158	-0.0670767	10.4786	16.0548
42600	0.496492	0.14537	0.161158	-0.0667318	10.4784	16.0927
42700	0.497599	0.145873	0.161157	-0.0664818	10.4781	16.1307
42800	0.498705	0.146377	0.161158	-0.0667007	10.4781	16.1685
42900	0.49981	0.146881	0.161158	-0.0669077	10.4783	16.2062
43000	0.500916	0.147386	0.161158	-0.0671033	10.4785	16.244
43100	0.502022	0.147892	0.161158	-0.0668503	10.4785	16.282
43200	0.503128	0.148398	0.161157	-0.0665176	10.4782	16.3199
43300	0.504232	0.148906	0.161158	-0.0666255	10.4781	16.3577
43400	0.505336	0.149414	0.161158	-0.0668365	10.4782	16.3955
43500	0.506439	0.149923	0.161158	-0.0670361	10.4784	16.4333
43600	0.507543	0.150432	0.161158	-0.0669712	10.4785	16.4712
43700	0.508648	0.150942	0.161158	-0.0666319	10.4783	16.5091
43800	0.509751	0.151453	0.161158	-0.0665487	10.4781	16.547
43900	0.510853	0.151965	0.161158	-0.066764	10.4782	16.5848
44000	0.511955	0.152477	0.161158	-0.0669675	10.4784	16.6226
44100	0.513057	0.15299	0.161158	-0.0670944	10.4786	16.6604
44200	0.514159	0.153504	0.161158	-0.0667485	10.4784	16.6983
44300	0.515261	0.154018	0.161157	-0.0664704	10.4781	16.7363
44400	0.516362	0.154534	0.161158	-0.06669	10.4781	16.7741
44500	0.517462	0.15505	0.161158	-0.0668976	10.4783	16.8118
44600	0.518562	0.155567	0.161158	-0.0670938	10.4785	16.8496
44700	0.519662	0.156084	0.161158	-0.0668674	10.4785	16.8875
44800	0.520763	0.156602	0.161157	-0.0665337	10.4782	16.9255
44900	0.521862	0.157121	0.161158	-0.0666145	10.4781	16.9634
45000	0.52296	0.157641	0.161158	-0.0668262	10.4782	17.0011
45100	0.524059	0.158161	0.161158	-0.0670263	10.4784	17.0389
45200	0.525157	0.158682	0.161158	-0.0669886	10.4785	17.0768
45300	0.526256	0.159204	0.161158	-0.0666484	10.4783	17.1147
45400	0.527354	0.159726	0.161158	-0.0665376	10.4781	17.1526
45500	0.52845	0.16025	0.161158	-0.0667535	10.4782	17.1904
45600	0.529547	0.160774	0.161158	-0.0669576	10.4784	17.2282
45700	0.530643	0.161299	0.161158	-0.0671123	10.4786	17.266
45800	0.53174	0.161824	0.161158	-0.0667653	10.4784	17.3039
45900	0.532837	0.16235	0.161157	-0.0664593	10.4781	17.3419
46000	0.533932	0.162877	0.161158	-0.0666793	10.4781	17.3797
46100	0.535026	0.163405	0.161158	-0.0668874	10.4783	17.4175
46200	0.53612	0.163933	0.161158	-0.0670842	10.4785	17.4552
46300	0.537215	0.164462	0.161158	-0.0668845	10.4785	17.4931
46400	0.53831	0.164991	0.161157	-0.0665499	10.4782	17.5311
46500	0.539404	0.165522	0.161158	-0.0666036	10.4781	17.569
46600	0.540497	0.166053	0.161158	-0.0668159	10.4782	17.6067
46700	0.541589	0.166585	0.161158	-0.0670166	10.4784	17.6445
46800	0.542682	0.167118	0.161158	-0.0670061	10.4785	17.6824
46900	0.543775	0.167651	0.161158	-0.0666649	10.4783	17.7203
47000	0.544868	0.168185	0.161158	-0.0665265	10.4781	17.7582
47100	0.545959	0.16872	0.161158	-0.0667429	10.4782	17.796
47200	0.54705	0.169256	0.161158	-0.0669476	10.4784	17.8338
47300	0.54814	0.169792	0.161158	-0.0671295	10.4785	17.8716
47400	0.549232	0.170329	0.161158	-0.0667822	10.4784	17.9095
47500	0.550323	0.170867	0.161157	-0.0664531	10.4781	17.9475
47600	0.551412	0.171405	0.161158	-0.0666685	10.4781	17.9853
47700	0.552501	0.171944	0.161158	-0.0668772	10.4783	18.0231
47800	0.55359	0.172484	0.161158	-0.0670746	10.4785	18.0608
47900	0.554679	0.173025	0.161158	-0.0669017	10.4785	18.0987
48000	0.555768	0.173566	0.161157	-0.0665662	10.4782	18.1367
48100	0.556856	0.174108	0.161158	-0.0665926	10.4781	18.1746
48200	0.557944	0.174651	0.161158	-0.0668055	10.4782	18.2123
48300	0.55903	0.175195	0.161158	-0.0670067	10.4784	18.2501
48400	0.560117	0.175739	0.161158	-0.0670236	10.4785	18.2879
48500	0.561205	0.176283	0.161158	-0.0666815	10.4783	18.3259
48600	0.562292	0.176829	0.161157	-0.0665153	10.4781	18.3638
48700	0.563377	0.177375	0.161158	-0.0667323	10.4781	18.4016
48800	0.564462	0.177923	0.161158	-0.0669376	10.4783	18.4394
48900	0.565547	0.178471	0.161158	-0.0671316	10.4785	18.4772
49000	0.566632	0.179019	0.161158	-0.0667991	10.4784	18.5151
49100	0.567718	0.179568	0.161157	-0.0664691	10.4781	18.5531
49200	0.568802	0.180118	0.161158	-0.0666577	10.4781	18.5909
49300	0.569885	0.180669	0.161158	-0.066867	10.4783	18.6287
49400	0.570968	0.18122	0.161158	-0.0670649	10.4785	18.6664
49500	0.572051	0.181772	0.161158	-0.0669189	10.4785	18.7043
49600	0.573135	0.182325	0.161157	-0.0665825	10.4782	18.7423
49700	0.574217	0.182878	0.161158	-0.0665816	10.4781	18.7802
49800	0.575298	0.183433	0.161158	-0.0667951	10.4782	18.8179
49900	0.576379	0.183988	0.161158	-0.0669969	10.4784	18.8557
50000	0.57746	0.184543	0.161158	-0.0670411	10.4785	18.8935
50100	0.578542	0.185099	0.161158	-0.0666981	10.4783	18.9315
50200	0.579623	0.185656	0.161157	-0.0665041	10.4781	18.9694
50300	0.580703	0.186214	0.161158	-0.0667217	10.4781	19.0072
50400	0.581782	0.186773	0.161158	-0.0669275	10.4783	19.045
50500	0.582861	0.187332	0.161158	-0.0671221	10.4785	19.0828
50600	0.58394	0.187892	0.161158	-0.066816	10.4784	19.1207
50700	0.58502	0.188452	0.161157	-0.0664851	10.4781	19.1587
50800	0.586098	0.189014	0.161158	-0.0666469	10.4781	19.1965
50900	0.587175	0.189576	0.161158	-0.0668568	10.4783	19.2343
51000	0.588252	0.190139	0.161158	-0.0670552	10.4785	19.272
51100	0.58933	0.190702	0.161158	-0.0669362	10.4785	19.3099
51200	0.590407	0.191266	0.161157	-0.0665988	10.4782	19.3479
51300	0.591484	0.191831	0.161158	-0.0665706	10.4781	19.3858
51400	0.592559	0.192397	0.161158	-0.0667847	10.4782	19.4235
51500	0.593634	0.192963	0.161158	-0.066987	10.4784	19.4613
51600	0.594709	0.19353	0.161158	-0.0670587	10.4786	19.4991
51700	0.595785	0.194098	0.161158	-0.0667148	10.4783	19.5371
51800	0.59686	0.194666	0.161157	-0.0664928	10.4781	19.575
51900	0.597934	0.195236	0.161158	-0.0667111	10.4781	19.6128
52000	0.599007	0.195806	0.161158	-0.0669175	10.4783	19.6506
52100	0.60008	0.196376	0.161158	-0.0671126	10.4785	19.6884
52200	0.601154	0.196947	0.161158	-0.066833	10.4784	19.7263
52300	0.602227	0.197519	0.161157	-0.0665012	10.4781	19.7643
52400	0.603299	0.198092	0.161158	-0.066636	10.4781	19.8021
52500	0.604371	0.198666	0.161158	-0.0668465	10.4783	19.8399
52600	0.605442	0.19924	0.161158	-0.0670455	10.4785	19.8776
52700	0.606513	0.199815	0.161158	-0.0669535	10.4785	19.9155
52800	0.607585	0.20039	0.161158	-0.0666152	10.4783	19.9535
52900	0.608655	0.200966	0.161158	-0.0665595	10.4781	19.9914
53000	0.609725	0.201543	0.161158	-0.0667742	10.4782	20.0291
53100	0.610794	0.202121	0.161158	-0.0669771	10.4784	20.0669
53200	0.611863	0.2027	0.161158	-0.0670764	10.4786	20.1047
53300	0.612932	0.203278	0.161158	-0.0667315	10.4784	20.1427
53400	0.614002	0.203858	0.161157	-0.0664815	10.4781	20.1807
53500	0.615069	0.204439	0.161158	-0.0667004	10.4781	20.2184
53600	0.616136	0.20502	0.161158	-0.0669074	10.4783	20.2562
53700	0.617203	0.205602	0.161158	-0.067103	10.4785	20.294
53800	0.61827	0.206184	0.161158	-0.06685	10.4785	20.3319
53900	0.619338	0.206768	0.161157	-0.0665173	10.4782	20.3699
54000	0.620404	0.207352	0.161158	-0.0666251	10.4781	20.4077
54100	0.621469	0.207937	0.161158	-0.0668362	10.4782	20.4455
54200	0.622534	0.208522	0.161158	-0.0670358	10.4784	20.4833
54300	0.623599	0.209108	0.161158	-0.0669709	10.4785	20.5211
54400	0.624664	0.209695	0.161158	-0.0666316	10.4783	20.5591
54500	0.625729	0.210282	0.161158	-0.0665484	10.4781	20.597
54600	0.626792	0.210871	0.161158	-0.0667637	10.4782	20.6348
54700	0.627855	0.21146	0.161158	-0.0669672	10.4784	20.6725
54800	0.628918	0.212049	0.161158	-0.0670941	10.4786	20.7103
54900	0.629981	0.21264	0.161158	-0.0667482	10.4784	20.7483
55000	0.631044	0.21323	0.161157	-0.0664701	10.4781	20.7863
55100	0.632106	0.213822	0.161158	-0.0666897	10.4781	20.824
55200	0.633167	0.214415	0.161158	-0.0668973	10.4783	20.8618
55300	0.634227	0.215008	0.161158	-0.0670935	10.4785	20.8996
55400	0.635288	0.215602	0.161158	-0.0668671	10.4785	20.9375
55500	0.63635	0.216196	0.161157	-0.0665334	10.4782	20.9755
55600	0.63741	0.216792	0.161158	-0.0666142	10.4781	21.0133
55700	0.638469	0.217388	0.161158	-0.0668259	10.4782	21.0511
55800	0.639527	0.217984	0.161158	-0.067026	10.4784	21.0889
55900	0.640586	0.218582	0.161158	-0.0669883	10.4785	21.1267
56000	0.641645	0.21918	0.161158	-0.0666481	10.4783	21.1647
56100	0.642703	0.219778	0.161158	-0.0665373	10.4781	21.2026
56200	0.64376	0.220378	0.161158	-0.0667532	10.4782	21.2404
56300	0.644817	0.220978	0.161158	-0.0669573	10.4784	21.2781
56400	0.645873	0.221579	0.161158	-0.067112	10.4786	21.3159
56500	0.64693	0.22218	0.161158	-0.066765	10.4784	21.3539
56600	0.647987	0.222782	0.161157	-0.066459	10.4781	21.3919
56700	0.649042	0.223386	0.161158	-0.066679	10.4781	21.4296
56800	0.650097	0.223989	0.161158	-0.0668871	10.4783	21.4674
56900	0.651151	0.224594	0.161158	-0.0670839	10.4785	21.5052
57000	0.652206	0.225199	0.161158	-0.0668842	10.4785	21.5431
57100	0.653261	0.225804	0.161157	-0.0665496	10.4782	21.5811
57200	0.654314	0.226411	0.161158	-0.0666033	10.4781	21.6189
57300	0.655367	0.227018	0.161158	-0.0668156	10.4782	21.6567
57400	0.656419	0.227626	0.161158	-0.0670162	10.4784	21.6945
57500	0.657472	0.228234	0.161158	-0.0670058	10.4785	21.7323
57600	0.658524	0.228843	0.161158	-0.0666646	10.4783	21.7703
57700	0.659576	0.229453	0.161157	-0.0665261	10.4781	21.8082
57800	0.660627	0.230064	0.161158	-0.0667426	10.4782	21.846
57900	0.661677	0.230675	0.161158	-0.0669473	10.4784	21.8837
58000	0.662727	0.231287	0.161158	-0.0671292	10.4785	21.9215
58100	0.663778	0.2319	0.161158	-0.0667818	10.4784	21.9595
58200	0.664828	0.232513	0.161157	-0.0664528	10.4781	21.9975
58300	0.665877	0.233127	0.161158	-0.0666682	10.4781	22.0352
58400	0.666925	0.233742	0.161158	-0.0668769	10.4783	22.073
58500	0.667973	0.234358	0.161158	-0.0670742	10.4785	22.1108
58600	0.669021	0.234974	0.161158	-0.0669014	10.4785	22.1487
58700	0.67007	0.23559	0.161157	-0.0665659	10.4782	22.1867
58800	0.671117	0.236208	0.161158	-0.0665923	10.4781	22.2245
58900	0.672163	0.236826	0.161158	-0.0668052	10.4782	22.2623
59000	0.673209	0.237445	0.161158	-0.0670064	10.4784	22.3001
59100	0.674254	0.238065	0.161158	-0.0670233	10.4785	22.3379
59200	0.675301	0.238685	0.161158	-0.0666812	10.4783	22.3759
59300	0.676346	0.239306	0.161157	-0.066515	10.4781	22.4138
59400	0.67739	0.239928	0.161158	-0.066732	10.4781	22.4516
59500	0.678434	0.24055	0.161158	-0.0669373	10.4783	22.4893
59600	0.679477	0.241173	0.161158	-0.0671313	10.4785	22.5271
59700	0.680522	0.241797	0.161158	-0.0667987	10.4784	22.5651
59800	0.681566	0.242421	0.161157	-0.0664688	10.4781	22.6031
59900	0.682608	0.243046	0.161158	-0.0666574	10.4781	22.6408
60000	0.683649	0.243672	0.161158	-0.0668667	10.4783	22.6786
60100	0.68469	0.244299	0.161158	-0.0670646	10.4785	22.7164
60200	0.685732	0.244926	0.161158	-0.0669186	10.4785	22.7543
60300	0.686774	0.245553	0.161157	-0.0665822	10.4782	22.7923
60400	0.687815	0.246182	0.161158	-0.0665813	10.4781	22.8301
60500	0.688854	0.246811	0.161158	-0.0667948	10.4782	22.8679
60600	0.689893	0.247441	0.161158	-0.0669966	10.4784	22.9057
60700	0.690932	0.248072	0.161158	-0.0670408	10.4785	22.9435
60800	0.691972	0.248703	0.161158	-0.0666978	10.4783	22.9815
60900	0.693011	0.249335	0.161157	-0.0665037	10.4781	23.0194
61000	0.694049	0.249968	0.161158	-0.0667214	10.4781	23.0572
61100	0.695086	0.250601	0.161158	-0.0669272	10.4783	23.0949
61200	0.696122	0.251236	0.161158	-0.0671218	10.4785	23.1327
61300	0.69716	0.25187	0.161158	-0.0668157	10.4784	23.1707
61400	0.698197	0.252505	0.161157	-0.0664848	10.4781	23.2087
61500	0.699233	0.253142	0.161158	-0.0666466	10.4781	23.2465
61600	0.700268	0.253778	0.161158	-0.0668565	10.4783	23.2842
61700	0.701302	0.254416	0.161158	-0.0670549	10.4785	23.322
61800	0.702337	0.255054	0.161158	-0.0669359	10.4785	23.3599
61900	0.703372	0.255693	0.161157	-0.0665985	10.4782	23.3979
62000	0.704406	0.256332	0.161158	-0.0665703	10.4781	23.4357
62100	0.705439	0.256973	0.161158	-0.0667843	10.4782	23.4735
62200	0.706471	0.257614	0.161158	-0.0669867	10.4784	23.5113
62300	0.707504	0.258255	0.161158	-0.0670584	10.4786	23.5491
62400	0.708537	0.258897	0.161158	-0.0667144	10.4783	23.5871
62500	0.709569	0.25954	0.161157	-0.0664925	10.4781	23.625
62600	0.7106	0.260184	0.161158	-0.0667108	10.4781	23.6628
62700	0.71163	0.260828	0.161158	-0.0669172	10.4783	23.7006
62800	0.71266	0.261473	0.161158	-0.0671123	10.4785	23.7383
62900	0.71369	0.262119	0.161158	-0.0668327	10.4784	23.7763
63000	0.714721	0.262765	0.161157	-0.0665009	10.4781	23.8142
63100	0.71575	0.263412	0.161158	-0.0666357	10.4781	23.8521
63200	0.716778	0.26406	0.161158	-0.0668462	10.4783	23.8898
63300	0.717806	0.264708	0.161158	-0.0670452	10.4785	23.9276
63400	0.718834	0.265357	0.161158	-0.0669532	10.4785	23.9655
63500	0.719862	0.266007	0.161158	-0.0666149	10.4783	24.0035
63600	0.720889	0.266657	0.161158	-0.0665592	10.4781	24.0413
63700	0.721915	0.267308	0.161158	-0.0667739	10.4782	24.0791
63800	0.722941	0.26796	0.161158	-0.0669768	10.4784	24.1169
63900	0.723966	0.268613	0.161158	-0.0670761	10.4786	24.1547
64000	0.724992	0.269266	0.161158	-0.0667311	10.4784	24.1927
64100	0.726018	0.269919	0.161157	-0.0664812	10.4781	24.2306
64200	0.727042	0.270574	0.161158	-0.0667001	10.4781	24.2684
64300	0.728065	0.271229	0.161158	-0.0669071	10.4783	24.3062
64400	0.729088	0.271885	0.161158	-0.0671027	10.4785	24.3439
64500	0.730112	0.272542	0.161158	-0.0668497	10.4785	24.3819
64600	0.731136	0.273199	0.161157	-0.066517	10.4782	24.4198
64700	0.732158	0.273857	0.161158	-0.0666248	10.4781	24.4577
64800	0.733179	0.274515	0.161158	-0.0668359	10.4782	24.4954
64900	0.7342	0.275174	0.161158	-0.0670355	10.4784	24.5332
65000	0.735221	0.275834	0.161158	-0.0669706	10.4785	24.5711
65100	0.736242	0.276495	0.161158	-0.0666313	10.4783	24.609
65200	0.737263	0.277156	0.161158	-0.0665481	10.4781	24.6469
65300	0.738282	0.277818	0.161158	-0.0667634	10.4782	24.6847
65400	0.7393	0.278481	0.161158	-0.0669669	10.4784	24.7225
65500	0.740319	0.279144	0.161158	-0.0670938	10.4786	24.7603
65600	0.741338	0.279808	0.161158	-0.0667479	10.4784	24.7983
65700	0.742357	0.280472	0.161157	-0.0664698	10.4781	24.8362
65800	0.743373	0.281138	0.161158	-0.0666894	10.4781	24.874
65900	0.74439	0.281804	0.161158	-0.0668969	10.4783	24.9118
66000	0.745406	0.28247	0.161158	-0.0670931	10.4785	24.9495
66100	0.746422	0.283137	0.161158	-0.0668668	10.4785	24.9875
66200	0.747439	0.283805	0.161157	-0.0665331	10.4782	25.0254
66300	0.748454	0.284474	0.161158	-0.0666139	10.4781	25.0633
66400	0.749468	0.285143	0.161158	-0.0668256	10.4782	25.101
66500	0.750482	0.285813	0.161158	-0.0670257	10.4784	25.1388
66600	0.751496	0.286484	0.161158	-0.066988	10.4785	25.1767
66700	0.75251	0.287155	0.161158	-0.0666478	10.4783	25.2146
66800	0.753524	0.287827	0.161158	-0.066537	10.4781	25.2525
66900	0.754536	0.2885	0.161158	-0.0667528	10.4782	25.2903
67000	0.755547	0.289173	0.161158	-0.0669569	10.4784	25.3281
67100	0.756559	0.289847	0.161158	-0.0671117	10.4786	25.3659
67200	0.757571	0.290522	0.161158	-0.0667647	10.4784	25.4039
67300	0.758583	0.291197	0.161157	-0.0664587	10.4781	25.4418
67400	0.759592	0.291873	0.161158	-0.0666786	10.4781	25.4796
67500	0.760602	0.29255	0.161158	-0.0668868	10.4783	25.5174
67600	0.761611	0.293227	0.161158	-0.0670835	10.4785	25.5551
67700	0.76262	0.293905	0.161158	-0.0668839	10.4785	25.5931
67800	0.763629	0.294583	0.161157	-0.0665493	10.4782	25.631
67900	0.764638	0.295263	0.161158	-0.066603	10.4781	25.6689
68000	0.765645	0.295943	0.161158	-0.0668152	10.4782	25.7066
68100	0.766651	0.296624	0.161158	-0.0670159	10.4784	25.7444
68200	0.767658	0.297305	0.161158	-0.0670054	10.4785	25.7823
68300	0.768665	0.297987	0.161158	-0.0666643	10.4783	25.8202
68400	0.769672	0.298669	0.161157	-0.0665258	10.4781	25.8581
68500	0.770676	0.299353	0.161158	-0.0667423	10.4782	25.8959
68600	0.771681	0.300037	0.161158	-0.0669469	10.4784	25.9337
68700	0.772685	0.300721	0.161158	-0.0671289	10.4785	25.9715
68800	0.77369	0.301407	0.161158	-0.0667815	10.4784	26.0094
68900	0.774694	0.302093	0.161157	-0.0664525	10.4781	26.0474
69000	0.775697	0.302779	0.161158	-0.0666679	10.4781	26.0852
69100	0.776699	0.303467	0.161158	-0.0668766	10.4783	26.123
69200	0.777701	0.304155	0.161158	-0.0670739	10.4785	26.1607
69300	0.778703	0.304843	0.161158	-0.0669011	10.4785	26.1987
69400	0.779705	0.305532	0.161157	-0.0665655	10.4782	26.2366
69500	0.780706	0.306222	0.161158	-0.066592	10.4781	26.2745
69600	0.781706	0.306913	0.161158	-0.0668049	10.4782	26.3122
69700	0.782705	0.307604	0.161158	-0.0670061	10.4784	26.35
69800	0.783705	0.308296	0.161158	-0.0670229	10.4785	26.3879
69900	0.784705	0.308989	0.161158	-0.0666808	10.4783	26.4258
70000	0.785704	0.309682	0.161157	-0.0665146	10.4781	26.4638
70100	0.786701	0.310376	0.161158	-0.0667317	10.4781	26.5015
70200	0.787698	0.31107	0.161158	-0.0669369	10.4783	26.5393
70300	0.788695	0.311766	0.161158	-0.0671309	10.4785	26.5771
70400	0.789693	0.312461	0.161158	-0.0667984	10.4784	26.615
70500	0.79069	0.313158	0.161157	-0.0664685	10.4781	26.653
70600	0.791685	0.313855	0.161158	-0.0666571	10.4781	26.6908
70700	0.79268	0.314553	0.161158	-0.0668664	10.4783	26.7286
70800	0.793674	0.315252	0.161158	-0.0670643	10.4785	26.7664
70900	0.794669	0.315951	0.161158	-0.0669183	10.4785	26.8042
71000	0.795664	0.31665	0.161157	-0.0665818	10.4782	26.8422
71100	0.796658	0.317351	0.161158	-0.066581	10.4781	26.8801
71200	0.79765	0.318052	0.161158	-0.0667944	10.4782	26.9179
71300	0.798642	0.318754	0.161158	-0.0669963	10.4784	26.9556
71400	0.799634	0.319456	0.161158	-0.0670405	10.4785	26.9935
71500	0.800627	0.320159	0.161158	-0.0666974	10.4783	27.0314
71600	0.801619	0.320863	0.161157	-0.0665034	10.4781	27.0694
71700	0.802609	0.321568	0.161158	-0.0667211	10.4781	27.1071
71800	0.803598	0.322273	0.161158	-0.0669269	10.4783	27.1449
71900	0.804588	0.322978	0.161158	-0.0671214	10.4785	27.1827
72000	0.805578	0.323685	0.161158	-0.0668153	10.4784	27.2206
72100	0.806568	0.324392	0.161157	-0.0664845	10.4781	27.2586
72200	0.807556	0.325099	0.161158	-0.0666462	10.4781	27.2964
72300	0.808543	0.325808	0.161158	-0.0668562	10.4783	27.3342
72400	0.80953	0.326517	0.161158	-0.0670546	10.4785	27.372
72500	0.810517	0.327226	0.161158	-0.0669356	10.4785	27.4098
72600	0.811505	0.327937	0.161157	-0.0665982	10.4782	27.4478
72700	0.812491	0.328648	0.161158	-0.0665699	10.4781	27.4857
72800	0.813476	0.329359	0.161158	-0.066784	10.4782	27.5235
72900	0.81446	0.330072	0.161158	-0.0669864	10.4784	27.5612
73000	0.815445	0.330784	0.161158	-0.0670581	10.4786	27.5991
73100	0.81643	0.331498	0.161158	-0.0667141	10.4783	27.637
73200	0.817414	0.332212	0.161157	-0.0664922	10.4781	27.675
73300	0.818397	0.332927	0.161158	-0.0667104	10.4781	27.7127
73400	0.819379	0.333642	0.161158	-0.0669168	10.4783	27.7505
73500	0.820361	0.334359	0.161158	-0.0671119	10.4785	27.7883
73600	0.821343	0.335075	0.161158	-0.0668323	10.4784	27.8262
73700	0.822326	0.335793	0.161157	-0.0665005	10.4781	27.8642
73800	0.823306	0.336511	0.161158	-0.0666354	10.4781	27.902
73900	0.824286	0.33723	0.161158	-0.0668459	10.4783	27.9398
74000	0.825265	0.337949	0.161158	-0.0670449	10.4785	27.9776
