100	0.206512	0.272108	-0.0700247	-0.29264	-0.0654305	-0.150257	-0.150207	0.355873	34.3716	31.5672	31.5392	34.3799
200	0.19038	0.26116	-0.158342	-0.37827	-0.0602291	-0.164871	-0.16563	0.404455	34.7639	31.2916	31.2525	34.8103
300	0.203553	0.274591	-0.147757	-0.420849	-0.0740205	-0.180368	-0.180689	0.435504	34.7806	31.2804	31.2341	34.8097
400	0.228349	0.305566	-0.147331	-0.443797	-0.0773102	-0.191935	-0.192432	0.469005	34.7175	31.3149	31.2466	34.7697
500	0.273012	0.323367	-0.1596	-0.442048	-0.0820226	-0.204671	-0.205342	0.498003	34.666	31.3502	31.2551	34.7401
600	0.263976	0.329923	-0.145947	-0.456386	-0.108177	-0.206191	-0.206038	0.51917	34.6426	31.3598	31.2621	34.7073
700	0.306853	0.352685	-0.152297	-0.499353	-0.0971467	-0.224264	-0.224244	0.550426	34.6037	31.3874	31.2559	34.7041
800	0.299191	0.329239	-0.156426	-0.494583	-0.114108	-0.226412	-0.225366	0.569808	34.5918	31.544	31.2586	34.6938
900	0.320398	0.375919	-0.172419	-0.504359	-0.117253	-0.23437	-0.234459	0.590909	34.5787	31.4047	31.2523	34.6932
1000	0.332807	0.375003	-0.158595	-0.531533	-0.128087	-0.238914	-0.2381	0.609369	34.5722	31.4092	31.2478	34.6918
1100	0.321902	0.399264	-0.189211	-0.559552	-0.124963	-0.247674	-0.248049	0.6251	34.5599	31.4068	31.2194	34.7149
1200	0.364107	0.384635	-0.183853	-0.549446	-0.132744	-0.253072	-0.252419	0.641869	34.5586	31.4215	31.2337	34.6978
1300	0.331126	0.389332	-0.193335	-0.549515	-0.164646	-0.260984	-0.260581	0.635011	34.5435	31.4806	31.2308	34.6982
1400	0.349211	0.402451	-0.19222	-0.55059	-0.152176	-0.254628	-0.254285	0.663324	34.5571	31.4218	31.228	34.6973
1500	0.358384	0.406012	-0.200626	-0.55703	-0.153623	-0.259235	-0.25905	0.674022	34.554	31.4252	31.2228	34.6996
1600	0.359135	0.402161	-0.179276	-0.585479	-0.164633	-0.260231	-0.259033	0.682971	34.5526	31.4243	31.2179	34.7001
1700	0.39211	0.431518	-0.203019	-0.611813	-0.13902	-0.278722	-0.278831	0.699001	34.539	31.4417	31.2053	34.7144
1800	0.377555	0.414433	-0.188535	-0.595474	-0.164446	-0.268105	-0.267317	0.70228	34.5478	31.4329	31.213	34.7054
1900	0.379807	0.41352	-0.194648	-0.599175	-0.165671	-0.270214	-0.269528	0.707015	34.5479	31.433	31.2087	34.7046
2000	0.388616	0.421069	-0.198232	-0.605293	-0.165533	-0.273957	-0.273633	0.715234	34.5435	31.4376	31.2061	34.7094
2100	0.384744	0.414517	-0.206475	-0.6114	-0.168527	-0.280963	-0.280493	0.717997	34.5703	31.4184	31.1984	34.7045
2200	0.395922	0.425229	-0.205052	-0.611419	-0.166702	-0.277574	-0.27777	0.72391	34.5408	31.4407	31.2013	34.7119
2300	0.400799	0.429756	-0.208876	-0.617503	-0.166405	-0.28053	-0.2811	0.729818	34.5384	31.4432	31.1982	34.7143
2400	0.399717	0.427133	-0.210337	-0.615978	-0.168099	-0.279661	-0.280378	0.728847	34.5388	31.442	31.1972	34.7136
2500	0.404033	0.431183	-0.212445	-0.619689	-0.167415	-0.281729	-0.282834	0.733576	34.5375	31.4445	31.1958	34.7149
2600	0.4074	0.434486	-0.215158	-0.623986	-0.167067	-0.283704	-0.285207	0.737523	34.5358	31.4462	31.1936	34.7165
2700	0.410431	0.437592	-0.217639	-0.627945	-0.166689	-0.285491	-0.287387	0.741063	34.5344	31.4479	31.1916	34.718
2800	0.383907	0.463156	-0.190964	-0.654442	-0.167974	-0.284564	-0.286643	0.740523	34.535	31.4474	31.1911	34.7178
2900	0.409351	0.436912	-0.217523	-0.627125	-0.167734	-0.284452	-0.286825	0.74036	34.5348	31.4475	31.1915	34.7168
3000	0.411448	0.439009	-0.219263	-0.629721	-0.167358	-0.285526	-0.288329	0.742543	34.5339	31.4486	31.1901	34.7179
3100	0.41333	0.440968	-0.220866	-0.632136	-0.166973	-0.286489	-0.289715	0.744479	34.5331	31.4496	31.1888	34.7188
3200	0.415032	0.442815	-0.222331	-0.634373	-0.166575	-0.287348	-0.290993	0.746194	34.5323	31.4505	31.1877	34.7196
3300	0.416571	0.444555	-0.223669	-0.636451	-0.166167	-0.288113	-0.292174	0.747711	34.5316	31.4514	31.1866	34.7204
3400	0.417964	0.446196	-0.224891	-0.638384	-0.165752	-0.288792	-0.293266	0.749047	34.5309	31.4522	31.1856	34.7211
3500	0.419225	0.447744	-0.226006	-0.640187	-0.165332	-0.289392	-0.294277	0.750221	34.5303	31.453	31.1847	34.7217
3600	0.420366	0.449206	-0.227022	-0.641871	-0.164908	-0.289919	-0.295216	0.751248	34.5297	31.4537	31.1839	34.7222
3700	0.4214	0.450588	-0.227949	-0.643448	-0.164484	-0.290379	-0.296087	0.752142	34.5292	31.4544	31.1831	34.7228
3800	0.422338	0.451895	-0.228792	-0.644928	-0.164059	-0.290779	-0.296899	0.752915	34.5287	31.455	31.1824	34.7232
3900	0.393411	0.476033	-0.200263	-0.669181	-0.165779	-0.288298	-0.294596	0.749743	34.5304	31.4535	31.1832	34.7221
4000	0.412299	0.44247	-0.192033	-0.662593	-0.174522	-0.284036	-0.288787	0.748468	34.5338	31.4498	31.1875	34.7176
4100	0.412253	0.442521	-0.190545	-0.664112	-0.174192	-0.28361	-0.288822	0.747745	34.5338	31.4496	31.1878	34.7175
4200	0.412206	0.442571	-0.189131	-0.665559	-0.173871	-0.283184	-0.288858	0.74703	34.5338	31.4495	31.1881	34.7173
4300	0.412159	0.442619	-0.187785	-0.666935	-0.17356	-0.282759	-0.288892	0.746323	34.5338	31.4493	31.1884	34.7172
4400	0.412115	0.442667	-0.186503	-0.668244	-0.173256	-0.282335	-0.288926	0.745625	34.5338	31.4491	31.1887	34.7171
4500	0.412072	0.442716	-0.185283	-0.669493	-0.172959	-0.281913	-0.288959	0.744935	34.5338	31.4489	31.1889	34.7169
4600	0.412033	0.442765	-0.184121	-0.670684	-0.172667	-0.281493	-0.288992	0.744253	34.5338	31.4488	31.1892	34.7168
4700	0.41741	0.448389	-0.217594	-0.64828	-0.163169	-0.284412	-0.294379	0.743028	34.531	31.4516	31.1863	34.7195
4800	0.417983	0.448983	-0.218463	-0.648607	-0.162839	-0.284427	-0.29484	0.743171	34.5309	31.4519	31.1858	34.7198
4900	0.418521	0.449558	-0.219264	-0.648931	-0.162505	-0.284422	-0.295276	0.743267	34.5308	31.4522	31.1854	34.72
5000	0.419024	0.450112	-0.220004	-0.649258	-0.162168	-0.2844	-0.295689	0.74332	34.5307	31.4525	31.1851	34.7202
5100	0.414021	0.444989	-0.185834	-0.673253	-0.171065	-0.280979	-0.29058	0.743716	34.5334	31.4497	31.1879	34.7176
5200	0.413335	0.446209	-0.219943	-0.656823	-0.156099	-0.285539	-0.297475	0.748213	34.531	31.4508	31.1951	34.6962
5300	0.419229	0.45065	-0.218346	-0.651672	-0.161246	-0.283437	-0.296069	0.741811	34.5306	31.4524	31.1853	34.7201
5400	0.419694	0.451176	-0.219089	-0.651938	-0.160918	-0.283394	-0.296463	0.741833	34.5305	31.4527	31.1849	34.7203
5500	0.420134	0.451685	-0.219773	-0.65221	-0.160587	-0.283336	-0.296839	0.74182	34.5304	31.4529	31.1846	34.7205
5600	0.415436	0.446801	-0.186578	-0.675762	-0.169487	-0.280127	-0.291802	0.742508	34.5331	31.4503	31.1871	34.7181
5700	0.415199	0.446719	-0.185197	-0.67683	-0.169204	-0.279606	-0.291698	0.741595	34.5331	31.4501	31.1875	34.7178
5800	0.420107	0.452051	-0.217756	-0.654569	-0.159689	-0.282239	-0.297063	0.740043	34.5304	31.4527	31.185	34.7202
5900	0.420537	0.452548	-0.218469	-0.654796	-0.159368	-0.282171	-0.297438	0.74003	34.5303	31.4529	31.1847	34.7205
6000	0.420942	0.453029	-0.219125	-0.655034	-0.159046	-0.28209	-0.297795	0.739985	34.5303	31.4532	31.1843	34.7207
6100	0.421325	0.453496	-0.169992	-0.655283	-0.158723	-0.281996	-0.295167	0.73991	34.5302	31.4534	31.0087	34.7208
6200	0.416251	0.44824	-0.185367	-0.67926	-0.167678	-0.278528	-0.29269	0.739981	34.5329	31.4505	31.187	34.7181
6300	0.413105	0.449056	-0.226904	-0.671443	-0.154236	-0.25654	-0.274963	0.739354	34.5389	31.4553	31.125	34.7839
6400	0.421187	0.453756	-0.217575	-0.657558	-0.157858	-0.280821	-0.298285	0.738015	34.5302	31.4531	31.1845	34.7205
6500	0.421574	0.454217	-0.218223	-0.657772	-0.157544	-0.280725	-0.298634	0.737955	34.5302	31.4533	31.1842	34.7207
6600	0.421943	0.454666	-0.218818	-0.657998	-0.157228	-0.280619	-0.29897	0.737868	34.5301	31.4535	31.1839	34.7209
6700	0.417133	0.4496	-0.185239	-0.681655	-0.166191	-0.277329	-0.293572	0.738175	34.5328	31.4508	31.1866	34.7183
6800	0.416851	0.449471	-0.183801	-0.682667	-0.165924	-0.276774	-0.293426	0.737206	34.5328	31.4505	31.1871	34.718
6900	0.421732	0.454853	-0.216534	-0.660245	-0.156381	-0.279392	-0.299057	0.735881	34.5301	31.4532	31.1845	34.7205
7000	0.422111	0.455301	-0.217183	-0.660442	-0.156074	-0.279289	-0.299404	0.735817	34.5301	31.4534	31.1842	34.7207
7100	0.422473	0.455739	-0.217779	-0.66065	-0.155764	-0.279174	-0.299737	0.735725	34.5301	31.4536	31.1839	34.7209
7200	0.418031	0.450964	-0.184837	-0.683893	-0.164667	-0.27605	-0.294387	0.736301	34.5328	31.4511	31.1864	34.7185
7300	0.417621	0.450708	-0.183467	-0.685019	-0.164469	-0.275488	-0.294225	0.735263	34.5328	31.4507	31.1868	34.7182
7400	0.422065	0.455737	-0.215511	-0.663029	-0.154958	-0.277932	-0.299795	0.733673	34.5301	31.4531	31.1844	34.7203
7500	0.422589	0.45631	-0.216049	-0.663067	-0.154627	-0.277803	-0.300127	0.733605	34.5301	31.4534	31.1842	34.7207
7600	0.422949	0.45674	-0.216652	-0.663262	-0.154321	-0.277684	-0.300461	0.733514	34.53	31.4536	31.1839	34.7209
7700	0.423293	0.457159	-0.217205	-0.663472	-0.154011	-0.277556	-0.300782	0.733398	34.53	31.4538	31.1836	34.721
7800	0.418344	0.451879	-0.183053	-0.687341	-0.163033	-0.27416	-0.29499	0.733264	34.5327	31.4509	31.1866	34.7183
7900	0.418052	0.451727	-0.181618	-0.688322	-0.162778	-0.273596	-0.294827	0.732282	34.5328	31.4506	31.187	34.7181
8000	0.42303	0.457263	-0.214847	-0.66566	-0.153196	-0.276284	-0.300816	0.731343	34.5301	31.4534	31.1842	34.7206
8100	0.423391	0.457688	-0.215462	-0.665845	-0.152893	-0.276163	-0.301153	0.731256	34.53	31.4536	31.1839	34.7208
8200	0.423736	0.458103	-0.216026	-0.666044	-0.152586	-0.276032	-0.301477	0.731144	34.53	31.4538	31.1837	34.721
8300	0.419043	0.453007	-0.182598	-0.689635	-0.161609	-0.272805	-0.295738	0.731232	34.5327	31.451	31.1863	34.7185
8400	0.418739	0.452841	-0.181131	-0.690617	-0.161356	-0.272234	-0.295559	0.730229	34.5327	31.4508	31.1868	34.7182
8500	0.423449	0.458176	-0.213615	-0.668225	-0.151777	-0.274744	-0.301483	0.72905	34.53	31.4534	31.1843	34.7206
8600	0.423814	0.4586	-0.214243	-0.668402	-0.151475	-0.274622	-0.301826	0.72897	34.53	31.4535	31.184	34.7208
8700	0.424163	0.459013	-0.21482	-0.668592	-0.151171	-0.274491	-0.302155	0.728862	34.53	31.4537	31.1837	34.721
8800	0.419919	0.454296	-0.181894	-0.691681	-0.160053	-0.271418	-0.29646	0.729274	34.5328	31.4513	31.1864	34.7185
8900	0.41941	0.453924	-0.180616	-0.692894	-0.159941	-0.270853	-0.296279	0.728153	34.5327	31.4509	31.1866	34.7183
9000	0.423598	0.458796	-0.212671	-0.671086	-0.150573	-0.273206	-0.302152	0.726581	34.5298	31.4531	31.1841	34.7207
9100	0.424226	0.459484	-0.213004	-0.670938	-0.150064	-0.273068	-0.302484	0.726662	34.53	31.4535	31.1841	34.7207
9200	0.424578	0.459896	-0.213594	-0.67112	-0.149761	-0.272937	-0.302818	0.726561	34.53	31.4537	31.1838	34.7209
9300	0.424914	0.460299	-0.214136	-0.671317	-0.149454	-0.272797	-0.303139	0.726435	34.5299	31.4539	31.1835	34.7211
9400	0.420075	0.454985	-0.180097	-0.695151	-0.158531	-0.269463	-0.296995	0.726067	34.5327	31.451	31.1865	34.7184
9500	0.419777	0.454813	-0.178652	-0.696113	-0.158284	-0.268894	-0.29681	0.725067	34.5327	31.4507	31.1869	34.7181
9600	0.424623	0.460342	-0.211728	-0.673465	-0.148657	-0.2715	-0.303125	0.724327	34.53	31.4535	31.1842	34.7207
9700	0.424979	0.460754	-0.212335	-0.673641	-0.148355	-0.271369	-0.303465	0.724234	34.53	31.4536	31.1839	34.7209
9800	0.42532	0.461157	-0.212891	-0.67383	-0.148049	-0.27123	-0.303791	0.724115	34.5299	31.4538	31.1836	34.721
9900	0.420741	0.456035	-0.17958	-0.69739	-0.157122	-0.268066	-0.29771	0.723977	34.5327	31.4511	31.1863	34.7185
10000	0.420431	0.455852	-0.178109	-0.698356	-0.156876	-0.267492	-0.297512	0.722958	34.5327	31.4508	31.1867	34.7182
10100	0.425011	0.461179	-0.210442	-0.67598	-0.147255	-0.269924	-0.303755	0.721976	34.53	31.4534	31.1843	34.7206
10200	0.425374	0.461595	-0.211064	-0.676148	-0.146951	-0.269795	-0.304102	0.721892	34.53	31.4536	31.184	34.7208
10300	0.425719	0.461999	-0.211635	-0.676331	-0.146646	-0.269656	-0.304435	0.72178	34.5299	31.4538	31.1837	34.721
10400	0.421985	0.457562	-0.178668	-0.699021	-0.155736	-0.266536	-0.298315	0.721757	34.5324	31.4515	31.1864	34.7194
10500	0.42109	0.456886	-0.177589	-0.700577	-0.155468	-0.266089	-0.298218	0.720852	34.5327	31.4509	31.1866	34.7183
10600	0.424789	0.461335	-0.210054	-0.679341	-0.146608	-0.268356	-0.304409	0.718964	34.5293	31.4526	31.1832	34.7218
10700	0.425761	0.462422	-0.20978	-0.678646	-0.145548	-0.268214	-0.30473	0.719535	34.53	31.4535	31.1841	34.7207
10800	0.426111	0.462828	-0.210368	-0.678823	-0.145243	-0.268077	-0.305069	0.719432	34.53	31.4537	31.1838	34.7209
10900	0.426445	0.463224	-0.210907	-0.679014	-0.144935	-0.267931	-0.305395	0.719304	34.5299	31.4539	31.1835	34.7211
11000	0.421741	0.457906	-0.177053	-0.702794	-0.154061	-0.264677	-0.298921	0.718735	34.5326	31.451	31.1864	34.7184
11100	0.421439	0.457722	-0.175604	-0.703744	-0.153818	-0.264108	-0.298718	0.717721	34.5327	31.4508	31.1869	34.7181
11200	0.426144	0.463238	-0.208487	-0.681133	-0.144145	-0.266627	-0.305349	0.717165	34.53	31.4535	31.1842	34.7207
11300	0.426498	0.463645	-0.209092	-0.681305	-0.143841	-0.266492	-0.305695	0.71707	34.53	31.4537	31.1839	34.7209
11400	0.426836	0.464043	-0.209646	-0.68149	-0.143533	-0.266348	-0.306028	0.71695	34.5299	31.4538	31.1836	34.721
11500	0.422397	0.458924	-0.176521	-0.704996	-0.152649	-0.263263	-0.299625	0.716616	34.5326	31.4511	31.1862	34.7185
11600	0.42208	0.458727	-0.175048	-0.705953	-0.152409	-0.262689	-0.299409	0.715583	34.5327	31.4509	31.1867	34.7182
11700	0.426513	0.464036	-0.207191	-0.683617	-0.142747	-0.265037	-0.30596	0.71478	34.53	31.4534	31.1843	34.7206
11800	0.426878	0.464452	-0.207807	-0.683778	-0.142438	-0.264903	-0.306314	0.714696	34.53	31.4536	31.184	34.7208
11900	0.427222	0.464853	-0.208377	-0.683958	-0.14213	-0.26476	-0.306653	0.714584	34.5299	31.4538	31.1837	34.721
12000	0.423829	0.460848	-0.174677	-0.705996	-0.150038	-0.261856	-0.300301	0.715563	34.5336	31.4525	31.188	34.7163
12100	0.42272	0.459727	-0.174498	-0.708152	-0.150999	-0.261267	-0.300102	0.713443	34.5326	31.451	31.1865	34.7183
12200	0.42434	0.462948	-0.207263	-0.688603	-0.140081	-0.264229	-0.307243	0.714075	34.5311	31.4528	31.1849	34.7136
12300	0.427254	0.465251	-0.206514	-0.686244	-0.141034	-0.26331	-0.306925	0.71231	34.53	31.4535	31.1841	34.7207
12400	0.427601	0.465654	-0.2071	-0.686418	-0.140726	-0.263168	-0.307271	0.712206	34.53	31.4537	31.1838	34.7209
12500	0.427933	0.466047	-0.207637	-0.686606	-0.140415	-0.263018	-0.307603	0.712077	34.5299	31.4539	31.1835	34.7211
12600	0.423359	0.460722	-0.173954	-0.71034	-0.149587	-0.259842	-0.300798	0.711301	34.5326	31.4511	31.1864	34.7184
12700	0.423053	0.46053	-0.172503	-0.71128	-0.149348	-0.259274	-0.300578	0.710274	34.5327	31.4508	31.1868	34.7181
12800	0.427623	0.466041	-0.205212	-0.688701	-0.13963	-0.261713	-0.307529	0.709911	34.53	31.4535	31.1842	34.7207
12900	0.427975	0.466446	-0.205815	-0.68887	-0.139322	-0.261573	-0.307882	0.709816	34.53	31.4536	31.1839	34.7209
13000	0.428311	0.466842	-0.206368	-0.689053	-0.139011	-0.261425	-0.30822	0.709695	34.5299	31.4538	31.1836	34.721
13100	0.424007	0.461724	-0.17341	-0.712511	-0.148168	-0.258415	-0.301496	0.70916	34.5326	31.4512	31.1862	34.7186
13200	0.423681	0.461514	-0.171939	-0.713462	-0.147934	-0.257842	-0.301263	0.708113	34.5327	31.4509	31.1867	34.7182
13300	0.42797	0.466807	-0.203914	-0.691164	-0.138232	-0.260113	-0.308125	0.707498	34.53	31.4534	31.1843	34.7205
13400	0.428342	0.467231	-0.204522	-0.691316	-0.137917	-0.259974	-0.308486	0.707415	34.53	31.4536	31.184	34.7208
13500	0.428683	0.467629	-0.20509	-0.691493	-0.137605	-0.259827	-0.308831	0.707301	34.5299	31.4538	31.1837	34.721
13600	0.428448	0.465374	-0.171092	-0.710893	-0.149313	-0.255703	-0.301106	0.703816	34.5314	31.4519	31.1832	34.7313
13700	0.424308	0.462494	-0.171382	-0.715635	-0.146518	-0.256409	-0.30195	0.705949	34.5326	31.451	31.1865	34.7183
13800	0.425825	0.464177	-0.208945	-0.698334	-0.143526	-0.254005	-0.304778	0.698035	34.5265	31.4453	31.1612	34.7543
13900	0.428703	0.468008	-0.20322	-0.693754	-0.13651	-0.258371	-0.309082	0.705001	34.53	31.4535	31.1841	34.7207
14000	0.429049	0.468409	-0.203805	-0.693926	-0.136199	-0.258226	-0.309434	0.704896	34.53	31.4537	31.1838	34.7209
14100	0.429378	0.4688	-0.204341	-0.694112	-0.135884	-0.258072	-0.309772	0.704766	34.5299	31.4539	31.1835	34.7211
14200	0.424934	0.463471	-0.170832	-0.717799	-0.1451	-0.254973	-0.302639	0.703784	34.5326	31.4511	31.1863	34.7185
14300	0.424624	0.463272	-0.169379	-0.718728	-0.144864	-0.254406	-0.302403	0.702746	34.5327	31.4508	31.1868	34.7182
14400	0.429059	0.468778	-0.20191	-0.696184	-0.135102	-0.256765	-0.30967	0.702575	34.53	31.4535	31.1842	34.7206
14500	0.429408	0.469181	-0.202513	-0.696352	-0.134791	-0.256622	-0.310031	0.70248	34.53	31.4536	31.1839	34.7209
14600	0.429742	0.469576	-0.203064	-0.696532	-0.134476	-0.256469	-0.310375	0.702358	34.5299	31.4538	31.1836	34.721
14700	0.42558	0.464467	-0.170272	-0.719934	-0.143671	-0.253534	-0.303331	0.701622	34.5326	31.4512	31.1862	34.7186
14800	0.425239	0.464239	-0.168809	-0.720886	-0.143444	-0.252964	-0.303082	0.700562	34.5327	31.4509	31.1867	34.7182
14900	0.429375	0.469508	-0.200622	-0.698638	-0.133713	-0.255158	-0.310253	0.700128	34.53	31.4534	31.1843	34.7205
15000	0.429761	0.469947	-0.201212	-0.698771	-0.133382	-0.255014	-0.31062	0.700051	34.53	31.4536	31.184	34.7208
15100	0.430099	0.470344	-0.201779	-0.698946	-0.133067	-0.254863	-0.310972	0.699938	34.5299	31.4538	31.1837	34.721
15200	0.434074	0.471074	-0.158438	-0.70792	-0.145704	-0.276148	-0.326186	0.69898	34.524	31.4488	31.2458	34.6551
15300	0.425852	0.465202	-0.168246	-0.723035	-0.142022	-0.25152	-0.303763	0.698376	34.5326	31.451	31.1865	34.7184
15400	0.425548	0.465003	-0.166818	-0.723951	-0.14179	-0.250958	-0.303524	0.697343	34.5327	31.4507	31.1869	34.7181
15500	0.430108	0.470705	-0.199903	-0.701183	-0.131972	-0.253403	-0.311201	0.697611	34.53	31.4535	31.1841	34.7207
15600	0.43045	0.471105	-0.200486	-0.701353	-0.131657	-0.253254	-0.311561	0.697506	34.53	31.4537	31.1838	34.7209
15700	0.430777	0.471495	-0.201021	-0.701537	-0.13134	-0.253096	-0.311905	0.697375	34.5299	31.4539	31.1835	34.7211
15800	0.426463	0.466163	-0.16769	-0.725175	-0.140598	-0.250074	-0.304447	0.696189	34.5326	31.4511	31.1863	34.7185
15900	0.42615	0.465956	-0.166235	-0.726094	-0.140365	-0.249508	-0.304195	0.695138	34.5327	31.4508	31.1868	34.7182
16000	0.430448	0.471457	-0.198585	-0.703587	-0.130561	-0.251788	-0.311775	0.695159	34.53	31.4535	31.1842	34.7206
16100	0.430795	0.471859	-0.199186	-0.703753	-0.130246	-0.251641	-0.312143	0.695063	34.53	31.4536	31.1839	34.7208
16200	0.431126	0.472252	-0.199736	-0.703931	-0.129928	-0.251485	-0.312494	0.69494	34.5299	31.4538	31.1836	34.721
16300	0.427117	0.467165	-0.1671	-0.727263	-0.139145	-0.248622	-0.305132	0.694015	34.5327	31.4512	31.1862	34.7186
16400	0.42675	0.466907	-0.165659	-0.728228	-0.138939	-0.248056	-0.304868	0.692932	34.5327	31.4509	31.1866	34.7183
16500	0.430706	0.47213	-0.197322	-0.706058	-0.129175	-0.250183	-0.312351	0.692689	34.53	31.4534	31.1843	34.7205
16600	0.431133	0.472606	-0.197878	-0.706146	-0.128834	-0.250025	-0.312718	0.692609	34.53	31.4536	31.184	34.7208
16700	0.431469	0.473002	-0.198444	-0.706319	-0.128516	-0.24987	-0.313076	0.692494	34.5299	31.4538	31.1837	34.721
16800	0.431788	0.473388	-0.198962	-0.706507	-0.128195	-0.249707	-0.31342	0.692355	34.5299	31.4539	31.1835	34.7211
16900	0.427349	0.467855	-0.16509	-0.730354	-0.13751	-0.246602	-0.305543	0.690724	34.5326	31.451	31.1865	34.7184
17000	0.427041	0.467649	-0.163661	-0.731259	-0.137281	-0.246042	-0.305288	0.68968	34.5327	31.4507	31.1869	34.7181
17100	0.431465	0.473347	-0.196562	-0.708532	-0.12742	-0.248406	-0.313285	0.690143	34.53	31.4535	31.1841	34.7207
17200	0.431805	0.473745	-0.197145	-0.708701	-0.127102	-0.248253	-0.313651	0.690037	34.53	31.4537	31.1838	34.7209
17300	0.432129	0.474134	-0.197678	-0.708882	-0.126781	-0.248091	-0.314002	0.689906	34.5299	31.4539	31.1836	34.721
17400	0.427946	0.4688	-0.164527	-0.73247	-0.13608	-0.245146	-0.306222	0.688515	34.5326	31.4511	31.1863	34.7185
17500	0.427629	0.468587	-0.163072	-0.733379	-0.13585	-0.244582	-0.305953	0.687453	34.5327	31.4508	31.1868	34.7182
17600	0.431789	0.47408	-0.195238	-0.71091	-0.126006	-0.246783	-0.313844	0.687665	34.53	31.4535	31.1842	34.7206
17700	0.432134	0.474481	-0.195837	-0.711075	-0.125687	-0.246632	-0.314219	0.687568	34.53	31.4536	31.1839	34.7208
17800	0.432463	0.474873	-0.196386	-0.711251	-0.125366	-0.246472	-0.314577	0.687445	34.5299	31.4538	31.1836	34.721
17900	0.428646	0.469839	-0.163887	-0.734473	-0.134615	-0.243669	-0.306888	0.686313	34.5326	31.4513	31.1862	34.7187
18000	0.428215	0.469522	-0.162489	-0.735489	-0.134418	-0.24312	-0.306621	0.685225	34.5327	31.4509	31.1866	34.7183
18100	0.431969	0.474664	-0.19406	-0.713441	-0.124695	-0.245176	-0.314414	0.685102	34.5299	31.4533	31.1842	34.7206
18200	0.432457	0.475211	-0.194522	-0.713442	-0.124271	-0.245008	-0.31478	0.685088	34.53	31.4536	31.184	34.7208
18300	0.432791	0.475606	-0.195087	-0.713613	-0.12395	-0.244849	-0.315145	0.684973	34.5299	31.4537	31.1837	34.7209
18400	0.433108	0.47599	-0.195604	-0.713798	-0.123626	-0.244683	-0.315495	0.684833	34.5299	31.4539	31.1835	34.7211
18500	0.428799	0.470455	-0.161914	-0.737591	-0.132983	-0.241656	-0.307291	0.682996	34.5326	31.451	31.1864	34.7184
18600	0.428488	0.470242	-0.160484	-0.738486	-0.132757	-0.241098	-0.307019	0.68194	34.5327	31.4507	31.1869	34.7181
18700	0.432774	0.475935	-0.193199	-0.715801	-0.122854	-0.243381	-0.315332	0.682597	34.53	31.4535	31.1841	34.7207
18800	0.433111	0.476331	-0.19378	-0.715968	-0.122533	-0.243224	-0.315706	0.682491	34.53	31.4537	31.1838	34.7209
18900	0.433433	0.476719	-0.194312	-0.716148	-0.122208	-0.243059	-0.316063	0.682358	34.5299	31.4539	31.1836	34.721
19000	0.429382	0.471386	-0.161346	-0.739683	-0.131546	-0.240191	-0.307965	0.680766	34.5326	31.4511	31.1863	34.7185
19100	0.42906	0.471165	-0.15989	-0.740582	-0.13132	-0.239628	-0.307678	0.679691	34.5327	31.4508	31.1867	34.7182
19200	0.433083	0.476649	-0.191869	-0.718154	-0.121437	-0.24175	-0.315877	0.680093	34.53	31.4535	31.1842	34.7206
19300	0.433426	0.47705	-0.192466	-0.718317	-0.121114	-0.241595	-0.316259	0.679996	34.53	31.4536	31.1839	34.7208
19400	0.433752	0.477441	-0.193014	-0.718491	-0.12079	-0.241432	-0.316624	0.679872	34.5299	31.4538	31.1837	34.721
19500	0.430147	0.472507	-0.160568	-0.741545	-0.129954	-0.238697	-0.308614	0.678649	34.5327	31.4514	31.1863	34.7185
19600	0.429632	0.472085	-0.159302	-0.742669	-0.129881	-0.238156	-0.30834	0.677442	34.5326	31.4509	31.1866	34.7183
19700	0.432984	0.477018	-0.190834	-0.720913	-0.120059	-0.240224	-0.316508	0.677618	34.5301	31.4532	31.1841	34.72
19800	0.433733	0.477763	-0.191145	-0.720657	-0.119695	-0.239964	-0.316805	0.677491	34.53	31.4536	31.184	34.7208
19900	0.434064	0.478156	-0.191708	-0.720827	-0.11937	-0.239801	-0.317178	0.677375	34.5299	31.4537	31.1838	34.7209
20000	0.434379	0.478539	-0.192223	-0.72101	-0.119043	-0.239631	-0.317534	0.677234	34.5299	31.4539	31.1835	34.7211
20100	0.430201	0.473002	-0.158721	-0.744746	-0.128441	-0.236683	-0.309006	0.675191	34.5326	31.451	31.1864	34.7184
20200	0.429886	0.472783	-0.15729	-0.745632	-0.128217	-0.236126	-0.308717	0.674124	34.5327	31.4508	31.1869	34.7181
20300	0.434035	0.478469	-0.189815	-0.72299	-0.118275	-0.238329	-0.317344	0.674974	34.53	31.4535	31.1841	34.7207
20400	0.43437	0.478864	-0.190395	-0.723156	-0.11795	-0.238168	-0.317724	0.674867	34.53	31.4537	31.1838	34.7209
20500	0.434689	0.479251	-0.190925	-0.723333	-0.117622	-0.237999	-0.318088	0.674734	34.5299	31.4539	31.1836	34.721
20600	0.43077	0.473919	-0.158146	-0.746814	-0.126996	-0.235208	-0.309674	0.672941	34.5326	31.4511	31.1862	34.7185
20700	0.430444	0.47369	-0.156689	-0.747703	-0.126774	-0.234647	-0.309371	0.671854	34.5327	31.4509	31.1867	34.7182
20800	0.434326	0.479163	-0.18848	-0.725318	-0.116856	-0.236691	-0.317874	0.672444	34.53	31.4534	31.1843	34.7206
20900	0.434669	0.479566	-0.189074	-0.725478	-0.116529	-0.236532	-0.318263	0.672348	34.53	31.4536	31.1839	34.7208
21000	0.434992	0.479955	-0.18962	-0.72565	-0.116201	-0.236365	-0.318634	0.672223	34.5299	31.4538	31.1837	34.721
21100	0.431911	0.475304	-0.157166	-0.748279	-0.125533	-0.233565	-0.310201	0.670597	34.5324	31.4516	31.1864	34.7194
21200	0.431	0.474595	-0.156096	-0.749766	-0.12533	-0.233166	-0.310027	0.669584	34.5326	31.451	31.1866	34.7183
21300	0.434066	0.479189	-0.188042	-0.728447	-0.116231	-0.235112	-0.318495	0.669199	34.5293	31.4526	31.1832	34.7218
21400	0.434961	0.48026	-0.187746	-0.727792	-0.115106	-0.234893	-0.318795	0.669817	34.53	31.4535	31.184	34.7208
21500	0.435289	0.480652	-0.188307	-0.727959	-0.114778	-0.234727	-0.319174	0.669701	34.5299	31.4537	31.1838	34.7209
21600	0.435601	0.481034	-0.188821	-0.72814	-0.114447	-0.234553	-0.319536	0.669559	34.5299	31.4539	31.1835	34.7211
21700	0.431555	0.475497	-0.155509	-0.751819	-0.123883	-0.231683	-0.310687	0.667312	34.5326	31.4511	31.1864	34.7184
21800	0.431237	0.475271	-0.154077	-0.752694	-0.123663	-0.231127	-0.310382	0.666233	34.5327	31.4508	31.1868	34.7181
21900	0.435248	0.480949	-0.186409	-0.730098	-0.113683	-0.23325	-0.319318	0.667275	34.53	31.4535	31.1842	34.7207
22000	0.43558	0.481343	-0.186988	-0.730262	-0.113354	-0.233086	-0.319706	0.667168	34.53	31.4537	31.1839	34.7209
22100	0.435896	0.481728	-0.187516	-0.730437	-0.113023	-0.232914	-0.320076	0.667034	34.5299	31.4538	31.1836	34.721
22200	0.432112	0.476401	-0.154926	-0.75386	-0.122431	-0.230198	-0.31135	0.665041	34.5326	31.4512	31.1862	34.7185
22300	0.43178	0.476163	-0.153471	-0.754741	-0.122214	-0.229639	-0.31103	0.663943	34.5327	31.4509	31.1867	34.7182
22400	0.43552	0.481622	-0.185071	-0.732403	-0.112263	-0.231605	-0.319834	0.664719	34.53	31.4534	31.1843	34.7206
22500	0.435863	0.482027	-0.185661	-0.732557	-0.11193	-0.231442	-0.320231	0.664624	34.53	31.4536	31.184	34.7208
22600	0.436184	0.482415	-0.186205	-0.732727	-0.111599	-0.231271	-0.320609	0.664499	34.5299	31.4538	31.1837	34.721
22700	0.433359	0.478214	-0.153037	-0.754779	-0.119727	-0.228657	-0.311892	0.663919	34.5336	31.4525	31.188	34.7163
22800	0.432321	0.477052	-0.152872	-0.756779	-0.120764	-0.228148	-0.311681	0.661651	34.5326	31.451	31.1865	34.7183
22900	0.433166	0.480473	-0.185051	-0.737324	-0.109759	-0.230875	-0.321118	0.663662	34.5311	31.4528	31.1849	34.7136
23000	0.436141	0.482704	-0.184326	-0.734845	-0.110504	-0.229796	-0.320748	0.662068	34.53	31.4535	31.1841	34.7207
23100	0.436466	0.483095	-0.184886	-0.735011	-0.110173	-0.229626	-0.321134	0.661952	34.53	31.4537	31.1838	34.7209
23200	0.436775	0.483476	-0.185398	-0.735189	-0.109839	-0.229449	-0.321502	0.661809	34.5299	31.4539	31.1835	34.7211
23300	0.432861	0.477938	-0.15228	-0.758809	-0.119312	-0.226656	-0.312335	0.659359	34.5326	31.4511	31.1864	34.7184
23400	0.432539	0.477706	-0.150847	-0.759673	-0.119095	-0.226103	-0.312014	0.658269	34.5327	31.4508	31.1868	34.7181
23500	0.436412	0.483375	-0.182983	-0.737124	-0.109078	-0.228146	-0.321257	0.659501	34.53	31.4535	31.1842	34.7207
23600	0.436741	0.483768	-0.18356	-0.737286	-0.108746	-0.227978	-0.321651	0.659394	34.53	31.4537	31.1839	34.7209
23700	0.437055	0.484152	-0.184087	-0.73746	-0.108412	-0.227802	-0.322028	0.65926	34.5299	31.4538	31.1836	34.721
23800	0.433408	0.478833	-0.151687	-0.760821	-0.117851	-0.225161	-0.312992	0.657069	34.5326	31.4512	31.1862	34.7186
23900	0.433067	0.478583	-0.150236	-0.761695	-0.11764	-0.224605	-0.312656	0.655958	34.5327	31.4509	31.1867	34.7182
24000	0.43666	0.484022	-0.181646	-0.73941	-0.10766	-0.226496	-0.321759	0.656919	34.53	31.4534	31.1843	34.7205
24100	0.437009	0.484434	-0.182227	-0.739555	-0.107319	-0.226327	-0.322162	0.656825	34.53	31.4536	31.184	34.7208
24200	0.437328	0.484821	-0.182769	-0.739723	-0.106984	-0.226152	-0.322546	0.656699	34.5299	31.4538	31.1837	34.721
24300	0.437921	0.482279	-0.149401	-0.758828	-0.118679	-0.222198	-0.312439	0.651853	34.5314	31.4519	31.1832	34.7313
24400	0.433594	0.479456	-0.149631	-0.763709	-0.116184	-0.223105	-0.313301	0.653646	34.5326	31.451	31.1865	34.7183
24500	0.434895	0.480965	-0.1869	-0.745892	-0.113092	-0.220589	-0.318775	0.646972	34.5265	31.4453	31.1612	34.7543
24600	0.437271	0.485094	-0.180886	-0.741815	-0.105891	-0.224673	-0.322664	0.654245	34.53	31.4535	31.1841	34.7207
24700	0.437594	0.485483	-0.181444	-0.741979	-0.105556	-0.2245	-0.323057	0.654128	34.53	31.4537	31.1838	34.7209
24800	0.4379	0.485862	-0.181955	-0.742155	-0.105219	-0.224319	-0.323432	0.653985	34.5299	31.4539	31.1835	34.7211
24900	0.434118	0.480327	-0.149033	-0.765714	-0.114726	-0.221604	-0.31395	0.651333	34.5326	31.4511	31.1863	34.7185
25000	0.433793	0.480088	-0.1476	-0.766567	-0.114513	-0.221052	-0.313612	0.650231	34.5327	31.4508	31.1868	34.7182
25100	0.437527	0.485747	-0.179537	-0.744067	-0.104462	-0.223017	-0.323158	0.651653	34.53	31.4535	31.1842	34.7206
25200	0.437853	0.486138	-0.180112	-0.744228	-0.104127	-0.222845	-0.32356	0.651546	34.53	31.4536	31.1839	34.7209
25300	0.438164	0.486521	-0.180637	-0.744399	-0.103789	-0.222665	-0.323943	0.651411	34.5299	31.4538	31.1836	34.721
25400	0.434663	0.481217	-0.148425	-0.76769	-0.113254	-0.220098	-0.3146	0.649024	34.5326	31.4512	31.1862	34.7186
25500	0.434306	0.480949	-0.146983	-0.768565	-0.113053	-0.219545	-0.314248	0.6479	34.5327	31.4509	31.1867	34.7182
25600	0.437745	0.48636	-0.17821	-0.746342	-0.103053	-0.221362	-0.323648	0.649038	34.53	31.4534	31.1843	34.7205
25700	0.438106	0.486787	-0.178773	-0.746469	-0.102696	-0.221187	-0.324056	0.648953	34.53	31.4536	31.184	34.7208
25800	0.438422	0.487172	-0.179313	-0.746635	-0.102359	-0.221008	-0.324447	0.648827	34.5299	31.4538	31.1837	34.721
25900	0.44328	0.489404	-0.135006	-0.755519	-0.114683	-0.242188	-0.336562	0.647237	34.524	31.4488	31.2458	34.6551
26000	0.434818	0.481807	-0.146373	-0.770554	-0.111591	-0.218037	-0.314888	0.645567	34.5326	31.451	31.1865	34.7184
26100	0.434498	0.481569	-0.144966	-0.771394	-0.111381	-0.217491	-0.314548	0.644472	34.5327	31.4507	31.1869	34.7181
26200	0.438353	0.487429	-0.177425	-0.748702	-0.101265	-0.219526	-0.324543	0.646348	34.53	31.4535	31.1841	34.7207
26300	0.438673	0.487817	-0.177982	-0.748864	-0.100927	-0.219349	-0.324943	0.646231	34.53	31.4537	31.1838	34.7209
26400	0.438976	0.488195	-0.178491	-0.749039	-0.100587	-0.219164	-0.325324	0.646087	34.5299	31.4539	31.1835	34.7211
26500	0.435327	0.482662	-0.14577	-0.772534	-0.110127	-0.216527	-0.315531	0.643234	34.5326	31.4511	31.1863	34.7185
26600	0.434998	0.482417	-0.144337	-0.773377	-0.109917	-0.215977	-0.315176	0.642122	34.5327	31.4508	31.1868	34.7182
26700	0.438593	0.488064	-0.176071	-0.750927	-0.0998339	-0.217862	-0.325022	0.643732	34.53	31.4535	31.1842	34.7206
26800	0.438917	0.488455	-0.176644	-0.751086	-0.0994953	-0.217687	-0.325432	0.643625	34.53	31.4536	31.1839	34.7208
26900	0.439225	0.488836	-0.177168	-0.751255	-0.0991547	-0.217504	-0.325821	0.643489	34.5299	31.4538	31.1836	34.721
27000	0.435877	0.483559	-0.145133	-0.774463	-0.108632	-0.215007	-0.316172	0.640919	34.5327	31.4512	31.1862	34.7186
27100	0.435497	0.483262	-0.143714	-0.775349	-0.108452	-0.214461	-0.315806	0.63977	34.5327	31.4509	31.1866	34.7183
27200	0.438753	0.488622	-0.17477	-0.753217	-0.0984331	-0.216214	-0.325508	0.641093	34.53	31.4534	31.1843	34.7205
27300	0.439155	0.489085	-0.175299	-0.7533	-0.0980625	-0.216022	-0.325912	0.641007	34.53	31.4536	31.184	34.7208
27400	0.439467	0.489469	-0.175838	-0.753464	-0.0977215	-0.21584	-0.32631	0.640881	34.5299	31.4538	31.1837	34.721
27500	0.439764	0.489843	-0.17633	-0.753641	-0.0973789	-0.21565	-0.32669	0.640728	34.5299	31.4539	31.1835	34.7211
27600	0.435993	0.484104	-0.143098	-0.777313	-0.106985	-0.212944	-0.31644	0.637417	34.5326	31.451	31.1865	34.7184
27700	0.43567	0.483859	-0.141691	-0.778143	-0.106778	-0.212399	-0.316085	0.636312	34.5327	31.4507	31.1869	34.7181
27800	0.439386	0.48971	-0.173945	-0.755505	-0.096629	-0.214355	-0.326385	0.638379	34.53	31.4535	31.1841	34.7207
27900	0.439703	0.490096	-0.1745	-0.755666	-0.0962877	-0.214174	-0.326792	0.638261	34.53	31.4537	31.1838	34.7209
28000	0.440004	0.490473	-0.175008	-0.755838	-0.0959445	-0.213986	-0.327179	0.638117	34.5299	31.4539	31.1836	34.721
28100	0.436488	0.484944	-0.142489	-0.779268	-0.105516	-0.211425	-0.317078	0.635065	34.5326	31.4511	31.1863	34.7185
28200	0.436155	0.484692	-0.141056	-0.7801	-0.105309	-0.210877	-0.316706	0.633941	34.5327	31.4508	31.1868	34.7182
28300	0.43961	0.490326	-0.172585	-0.757703	-0.0951955	-0.212684	-0.32685	0.635739	34.53	31.4535	31.1842	34.7206
28400	0.439932	0.490716	-0.173156	-0.75786	-0.0948532	-0.212505	-0.327266	0.635631	34.53	31.4536	31.1839	34.7208
28500	0.440237	0.491095	-0.173678	-0.758027	-0.0945094	-0.212318	-0.327662	0.635496	34.5299	31.4538	31.1836	34.721
28600	0.437083	0.485876	-0.141804	-0.781111	-0.104005	-0.209877	-0.317697	0.632726	34.5326	31.4513	31.1862	34.7187
28700	0.436639	0.485521	-0.140428	-0.782048	-0.103839	-0.209353	-0.317331	0.631569	34.5327	31.4509	31.1866	34.7183
28800	0.439697	0.490795	-0.17137	-0.760046	-0.093875	-0.21104	-0.327335	0.633004	34.5299	31.4533	31.1842	34.7206
28900	0.440154	0.491329	-0.171805	-0.760046	-0.093418	-0.210834	-0.327732	0.63299	34.53	31.4536	31.184	34.7208
29000	0.440464	0.491711	-0.172342	-0.760208	-0.0930738	-0.210648	-0.328136	0.632863	34.5299	31.4537	31.1837	34.7209
29100	0.440757	0.492083	-0.172833	-0.760383	-0.0927281	-0.210455	-0.328522	0.63271	34.5299	31.4539	31.1835	34.7211
29200	0.43712	0.486348	-0.139807	-0.783987	-0.102367	-0.207826	-0.317959	0.629197	34.5326	31.451	31.1864	34.7184
29300	0.436794	0.486096	-0.1384	-0.784805	-0.102163	-0.207284	-0.317587	0.62808	34.5327	31.4507	31.1869	34.7181
29400	0.44037	0.491935	-0.170446	-0.762223	-0.0919821	-0.209159	-0.32819	0.630338	34.53	31.4535	31.1841	34.7207
29500	0.440684	0.49232	-0.171	-0.762382	-0.0916376	-0.208975	-0.328604	0.63022	34.53	31.4537	31.1838	34.7209
29600	0.440982	0.492695	-0.171505	-0.762552	-0.0912912	-0.208783	-0.328997	0.630075	34.5299	31.4539	31.1836	34.721
29700	0.4376	0.487173	-0.139193	-0.785916	-0.100892	-0.206299	-0.318591	0.626825	34.5326	31.4511	31.1863	34.7185
29800	0.437264	0.486913	-0.13776	-0.786737	-0.100689	-0.205753	-0.318203	0.62569	34.5327	31.4508	31.1867	34.7182
29900	0.440578	0.492533	-0.169081	-0.764393	-0.0905471	-0.207483	-0.328639	0.627674	34.53	31.4535	31.1842	34.7206
30000	0.440897	0.492922	-0.16965	-0.764548	-0.0902008	-0.2073	-0.329063	0.627566	34.53	31.4536	31.1839	34.7208
30100	0.4412	0.4933	-0.17017	-0.764713	-0.0898538	-0.207109	-0.329465	0.62743	34.5299	31.4538	31.1837	34.721
30200	0.438251	0.488186	-0.138371	-0.787624	-0.0992495	-0.204729	-0.319184	0.624581	34.5327	31.4514	31.1863	34.7185
30300	0.437732	0.487727	-0.137127	-0.788659	-0.0992135	-0.20422	-0.318821	0.623298	34.5326	31.4509	31.1866	34.7183
30400	0.440382	0.492793	-0.168004	-0.766971	-0.0891788	-0.205934	-0.329195	0.62501	34.5301	31.4532	31.1841	34.72
30500	0.441104	0.493518	-0.168293	-0.766707	-0.0887633	-0.205622	-0.329514	0.624902	34.53	31.4536	31.184	34.7208
30600	0.441411	0.493898	-0.168828	-0.766867	-0.0884159	-0.205432	-0.329925	0.624775	34.5299	31.4537	31.1838	34.7209
30700	0.441701	0.494269	-0.169317	-0.76704	-0.0880672	-0.205235	-0.330317	0.624621	34.5299	31.4539	31.1835	34.7211
30800	0.438198	0.488537	-0.136501	-0.790573	-0.0977363	-0.202686	-0.319444	0.620907	34.5326	31.451	31.1864	34.7184
30900	0.437868	0.488279	-0.135093	-0.791381	-0.097536	-0.202145	-0.319055	0.619779	34.5327	31.4508	31.1869	34.7181
31000	0.441304	0.494106	-0.166928	-0.768856	-0.0873252	-0.203941	-0.329957	0.622226	34.53	31.4535	31.1841	34.7207
31100	0.441615	0.494489	-0.16748	-0.769013	-0.0869775	-0.203753	-0.330378	0.622108	34.53	31.4537	31.1838	34.7209
31200	0.441911	0.494863	-0.167983	-0.769181	-0.0866281	-0.203557	-0.330778	0.621963	34.5299	31.4539	31.1836	34.721
31300	0.438664	0.489348	-0.135879	-0.792476	-0.0962555	-0.201149	-0.32007	0.618516	34.5326	31.4511	31.1862	34.7185
31400	0.438323	0.48908	-0.134448	-0.793287	-0.0960572	-0.200606	-0.319665	0.617369	34.5327	31.4509	31.1867	34.7182
31500	0.441495	0.494684	-0.165559	-0.770999	-0.0858894	-0.202258	-0.330392	0.619538	34.53	31.4534	31.1843	34.7206
31600	0.441813	0.495073	-0.166124	-0.771151	-0.0855385	-0.202071	-0.330822	0.619431	34.53	31.4536	31.1839	34.7208
31700	0.442113	0.49545	-0.166642	-0.771314	-0.0851885	-0.201877	-0.331231	0.619295	34.5299	31.4538	31.1837	34.721
31800	0.439698	0.490613	-0.134865	-0.793772	-0.0947152	-0.199413	-0.320526	0.616074	34.5324	31.4516	31.1864	34.7194
31900	0.438776	0.489878	-0.13381	-0.795184	-0.0945768	-0.199064	-0.320278	0.614959	34.5326	31.451	31.1866	34.7183
32000	0.441191	0.494597	-0.165078	-0.773891	-0.0852844	-0.200682	-0.33098	0.61608	34.5293	31.4526	31.1832	34.7218
32100	0.442005	0.495651	-0.164762	-0.773281	-0.084099	-0.200387	-0.331258	0.616743	34.53	31.4535	31.184	34.7208
32200	0.442309	0.49603	-0.165295	-0.77344	-0.0837484	-0.200194	-0.331676	0.616616	34.5299	31.4537	31.1838	34.7209
32300	0.442596	0.496399	-0.165782	-0.77361	-0.0833967	-0.199994	-0.332074	0.616462	34.5299	31.4539	31.1835	34.7211
32400	0.439226	0.490672	-0.133178	-0.797072	-0.0930947	-0.197522	-0.320894	0.612548	34.5326	31.4511	31.1864	34.7184
32500	0.438894	0.490408	-0.131771	-0.797868	-0.0928978	-0.196984	-0.320489	0.61141	34.5327	31.4508	31.1868	34.7181
32600	0.44219	0.496221	-0.163392	-0.775402	-0.0826589	-0.1987	-0.331686	0.614044	34.53	31.4535	31.1842	34.7207
32700	0.442498	0.496603	-0.163941	-0.775558	-0.082308	-0.198509	-0.332114	0.613926	34.53	31.4537	31.1839	34.7209
32800	0.44279	0.496975	-0.164442	-0.775723	-0.0819555	-0.198309	-0.33252	0.613781	34.5299	31.4538	31.1836	34.721
32900	0.43968	0.49147	-0.13255	-0.798947	-0.0916073	-0.195977	-0.321514	0.610138	34.5326	31.4512	31.1862	34.7185
33000	0.439333	0.491192	-0.131121	-0.799748	-0.0914142	-0.195436	-0.321092	0.60898	34.5327	31.4509	31.1867	34.7182
33100	0.442361	0.496777	-0.16202	-0.777521	-0.081224	-0.197012	-0.332106	0.611332	34.53	31.4534	31.1843	34.7206
33200	0.44268	0.497169	-0.16258	-0.777668	-0.080867	-0.196821	-0.332544	0.611226	34.53	31.4536	31.184	34.7208
33300	0.442977	0.497544	-0.163096	-0.777829	-0.0805138	-0.196623	-0.332959	0.611089	34.5299	31.4538	31.1837	34.721
33400	0.440733	0.493169	-0.130627	-0.799785	-0.0888213	-0.194311	-0.321922	0.608954	34.5336	31.4525	31.188	34.7163
33500	0.439771	0.491974	-0.130477	-0.801619	-0.0899291	-0.193886	-0.321699	0.606551	34.5326	31.451	31.1865	34.7183
33600	0.439836	0.495579	-0.161909	-0.782355	-0.0788925	-0.196365	-0.333386	0.609931	34.5311	31.4528	31.1849	34.7136
33700	0.442856	0.497728	-0.161212	-0.779769	-0.0794255	-0.19513	-0.332965	0.608515	34.53	31.4535	31.1841	34.7207
33800	0.443157	0.498106	-0.161744	-0.779926	-0.0790719	-0.194934	-0.33339	0.608388	34.53	31.4537	31.1838	34.7209
33900	0.443442	0.498473	-0.162229	-0.780094	-0.0787171	-0.19473	-0.333794	0.608233	34.5299	31.4539	31.1835	34.7211
34000	0.440206	0.492753	-0.129841	-0.803482	-0.0884423	-0.192335	-0.32231	0.604121	34.5326	31.4511	31.1864	34.7184
34100	0.43987	0.492482	-0.128434	-0.804267	-0.0882488	-0.191799	-0.321888	0.602972	34.5327	31.4508	31.1868	34.7181
34200	0.443026	0.498281	-0.159837	-0.781862	-0.0779836	-0.193437	-0.333378	0.605794	34.53	31.4535	31.1842	34.7207
34300	0.443331	0.498661	-0.160385	-0.782016	-0.0776295	-0.193242	-0.333812	0.605676	34.53	31.4537	31.1839	34.7209
34400	0.44362	0.499031	-0.160884	-0.782179	-0.0772739	-0.193039	-0.334225	0.60553	34.5299	31.4538	31.1836	34.721
34500	0.440649	0.493539	-0.129202	-0.805327	-0.0869462	-0.190781	-0.322924	0.601695	34.5326	31.4512	31.1862	34.7186
34600	0.440294	0.493251	-0.127779	-0.806121	-0.0867606	-0.190243	-0.322486	0.600524	34.5327	31.4509	31.1867	34.7182
34700	0.443173	0.49881	-0.158468	-0.783959	-0.0765515	-0.191745	-0.333784	0.603057	34.53	31.4534	31.1843	34.7205
34800	0.443498	0.499209	-0.159019	-0.784097	-0.0761867	-0.191548	-0.334227	0.602953	34.53	31.4536	31.184	34.7208
34900	0.443791	0.499582	-0.159533	-0.784256	-0.0758305	-0.191347	-0.334649	0.602816	34.5299	31.4538	31.1837	34.721
35000	0.445209	0.496768	-0.126961	-0.802971	-0.0874541	-0.187582	-0.32221	0.596632	34.5314	31.4519	31.1832	34.7313
35100	0.440717	0.494016	-0.12713	-0.807966	-0.0852709	-0.188686	-0.323087	0.598075	34.5326	31.451	31.1865	34.7183
35200	0.441796	0.495343	-0.163919	-0.789723	-0.0820947	-0.186069	-0.331179	0.592677	34.5265	31.4453	31.1612	34.7543
35300	0.443658	0.49975	-0.157645	-0.78617	-0.0747434	-0.189852	-0.334633	0.600219	34.53	31.4535	31.1841	34.7207
35400	0.443956	0.500126	-0.158175	-0.786325	-0.0743867	-0.189652	-0.335065	0.600091	34.53	31.4537	31.1838	34.7209
35500	0.444238	0.500492	-0.158658	-0.786491	-0.0740289	-0.189444	-0.335475	0.599936	34.5299	31.4539	31.1835	34.7211
35600	0.441137	0.494779	-0.126488	-0.809803	-0.0837795	-0.187127	-0.323691	0.595627	34.5326	31.4511	31.1863	34.7185
35700	0.440797	0.494501	-0.125083	-0.810576	-0.0835895	-0.186593	-0.323253	0.594468	34.5327	31.4508	31.1868	34.7182
35800	0.443812	0.500285	-0.156265	-0.788233	-0.0732999	-0.188153	-0.335031	0.597475	34.53	31.4535	31.1842	34.7206
35900	0.444114	0.500663	-0.15681	-0.788386	-0.0729426	-0.187954	-0.335473	0.597357	34.53	31.4536	31.1839	34.7209
36000	0.444401	0.501032	-0.157307	-0.788547	-0.072584	-0.187748	-0.335892	0.59721	34.5299	31.4538	31.1836	34.721
36100	0.441576	0.49556	-0.125835	-0.811611	-0.082273	-0.185561	-0.324297	0.593185	34.5326	31.4512	31.1862	34.7186
36200	0.441206	0.495254	-0.124422	-0.812405	-0.0820969	-0.18503	-0.323844	0.592001	34.5327	31.4509	31.1867	34.7182
36300	0.44393	0.500779	-0.154907	-0.790318	-0.0718799	-0.186459	-0.335426	0.594706	34.53	31.4534	31.1843	34.7205
36400	0.444265	0.501193	-0.155439	-0.790438	-0.0714981	-0.186255	-0.335872	0.594612	34.53	31.4536	31.184	34.7208
36500	0.444556	0.501565	-0.155951	-0.790595	-0.0711389	-0.186049	-0.336301	0.594474	34.5299	31.4538	31.1837	34.721
36600	0.450272	0.505287	-0.110899	-0.799345	-0.0830898	-0.207019	-0.345257	0.592262	34.524	31.4488	31.2458	34.6551
36700	0.441613	0.496003	-0.123768	-0.814224	-0.0806028	-0.183464	-0.324439	0.589534	34.5326	31.451	31.1865	34.7184
36800	0.44128	0.495727	-0.122388	-0.814985	-0.0804157	-0.182936	-0.324001	0.588382	34.5327	31.4507	31.1869	34.7181
36900	0.444411	0.501716	-0.154061	-0.792482	-0.0700533	-0.184553	-0.336264	0.591856	34.53	31.4535	31.1841	34.7207
37000	0.444706	0.502091	-0.154588	-0.792635	-0.0696935	-0.184349	-0.336702	0.591728	34.53	31.4537	31.1838	34.7209
37100	0.444984	0.502455	-0.155069	-0.792799	-0.0693328	-0.184138	-0.337118	0.591572	34.5299	31.4539	31.1835	34.7211
37200	0.442018	0.49675	-0.123121	-0.816034	-0.0791068	-0.181897	-0.325038	0.587067	34.5326	31.4511	31.1863	34.7185
37300	0.441675	0.496466	-0.121716	-0.816796	-0.0789205	-0.181366	-0.324583	0.585897	34.5327	31.4508	31.1868	34.7182
37400	0.444549	0.502232	-0.152676	-0.794516	-0.0686084	-0.182848	-0.336646	0.58909	34.53	31.4535	31.1842	34.7206
37500	0.444848	0.502609	-0.153219	-0.794667	-0.0682478	-0.182646	-0.337095	0.588971	34.53	31.4536	31.1839	34.7208
37600	0.445131	0.502976	-0.153714	-0.794826	-0.0678862	-0.182436	-0.33752	0.588824	34.5299	31.4538	31.1836	34.721
37700	0.442461	0.497537	-0.122441	-0.817794	-0.0775766	-0.180319	-0.325632	0.584621	34.5327	31.4512	31.1862	34.7186
37800	0.442069	0.497202	-0.121051	-0.818598	-0.0774237	-0.179795	-0.325168	0.583412	34.5327	31.4509	31.1866	34.7183
37900	0.444609	0.502672	-0.151344	-0.796615	-0.0671999	-0.181164	-0.337038	0.586295	34.53	31.4534	31.1843	34.7205
38000	0.444984	0.503121	-0.151843	-0.796691	-0.0668018	-0.180941	-0.337479	0.586204	34.53	31.4536	31.184	34.7208
38100	0.445272	0.503491	-0.152352	-0.796846	-0.0664396	-0.180732	-0.337914	0.586066	34.5299	31.4538	31.1837	34.721
38200	0.445543	0.50385	-0.152817	-0.797012	-0.0660769	-0.180516	-0.338327	0.585902	34.5299	31.4539	31.1835	34.7211
38300	0.44246	0.497935	-0.120392	-0.820391	-0.0759253	-0.178222	-0.325757	0.580927	34.5326	31.451	31.1865	34.7184
38400	0.442124	0.497652	-0.119013	-0.82114	-0.0757416	-0.177696	-0.325302	0.579765	34.5327	31.4507	31.1869	34.7181
38500	0.445113	0.503626	-0.15046	-0.798705	-0.0653555	-0.179233	-0.337855	0.583426	34.53	31.4535	31.1841	34.7207
38600	0.445405	0.503998	-0.150985	-0.798857	-0.0649927	-0.179025	-0.3383	0.583298	34.53	31.4537	31.1838	34.7209
38700	0.445681	0.504361	-0.151463	-0.799018	-0.0646291	-0.178811	-0.338723	0.583142	34.5299	31.4539	31.1836	34.721
38800	0.44285	0.498666	-0.11974	-0.822175	-0.0744248	-0.176647	-0.32635	0.578442	34.5326	31.4511	31.1863	34.7185
38900	0.442504	0.498375	-0.118336	-0.822925	-0.0742423	-0.176118	-0.325878	0.577262	34.5327	31.4508	31.1868	34.7182
39000	0.445236	0.504123	-0.14907	-0.80071	-0.0639098	-0.177523	-0.338222	0.580638	34.53	31.4535	31.1842	34.7206
39100	0.445532	0.504499	-0.14961	-0.80086	-0.0635456	-0.177317	-0.338678	0.580519	34.53	31.4536	31.1839	34.7208
39200	0.445813	0.504864	-0.150103	-0.801016	-0.0631811	-0.177104	-0.33911	0.580372	34.5299	31.4538	31.1836	34.721
39300	0.443337	0.499486	-0.119012	-0.823847	-0.0728758	-0.175038	-0.326919	0.57598	34.5326	31.4513	31.1862	34.7187
39400	0.442882	0.499095	-0.117666	-0.8247	-0.0727413	-0.174539	-0.326456	0.574759	34.5327	31.4509	31.1866	34.7183
39500	0.445229	0.504474	-0.147824	-0.802855	-0.0625865	-0.17585	-0.33862	0.577744	34.5299	31.4533	31.1842	34.7206
39600	0.445652	0.504993	-0.14823	-0.802854	-0.0620984	-0.175606	-0.339048	0.57773	34.53	31.4536	31.184	34.7208
39700	0.445937	0.505361	-0.148737	-0.803007	-0.0617331	-0.175394	-0.339489	0.577592	34.5299	31.4537	31.1837	34.7209
39800	0.446205	0.505718	-0.149199	-0.80317	-0.0613676	-0.175175	-0.339908	0.577427	34.5299	31.4539	31.1835	34.7211
39900	0.443258	0.499811	-0.117002	-0.826467	-0.0712388	-0.172959	-0.327039	0.572256	34.5326	31.451	31.1864	34.7184
40000	0.442918	0.499522	-0.115624	-0.827204	-0.0710587	-0.172435	-0.326569	0.571084	34.5327	31.4507	31.1869	34.7181
40100	0.445767	0.505479	-0.146842	-0.804838	-0.0606508	-0.173894	-0.339408	0.574931	34.53	31.4535	31.1841	34.7207
40200	0.446055	0.50585	-0.147364	-0.804989	-0.0602849	-0.173682	-0.33986	0.574802	34.53	31.4537	31.1838	34.7209
40300	0.446328	0.506211	-0.147841	-0.805148	-0.0599184	-0.173464	-0.340289	0.574646	34.5299	31.4539	31.1836	34.721
40400	0.443633	0.500526	-0.116344	-0.828224	-0.0697337	-0.171376	-0.327626	0.569753	34.5326	31.4511	31.1863	34.7185
40500	0.443283	0.500229	-0.114943	-0.828963	-0.0695554	-0.17085	-0.327137	0.568563	34.5327	31.4508	31.1867	34.7182
40600	0.445872	0.505957	-0.145448	-0.806815	-0.0592046	-0.172179	-0.33976	0.57212	34.53	31.4535	31.1842	34.7206
40700	0.446167	0.506332	-0.145986	-0.806962	-0.0588367	-0.171969	-0.340223	0.572002	34.53	31.4536	31.1839	34.7208
40800	0.446444	0.506696	-0.146476	-0.807117	-0.0584692	-0.171752	-0.340661	0.571855	34.5299	31.4538	31.1837	34.721
40900	0.444166	0.501426	-0.115483	-0.829769	-0.0680496	-0.169739	-0.32816	0.567395	34.5327	31.4514	31.1863	34.7185
41000	0.443646	0.500932	-0.114267	-0.830711	-0.0680505	-0.169264	-0.32771	0.566042	34.5326	31.4509	31.1866	34.7183
41100	0.445581	0.506106	-0.144334	-0.809198	-0.0578536	-0.170615	-0.340239	0.569281	34.5301	31.4532	31.1841	34.72
41200	0.446271	0.506807	-0.1446	-0.808926	-0.0573882	-0.170253	-0.340577	0.569192	34.53	31.4536	31.184	34.7208
41300	0.446553	0.507174	-0.145105	-0.809078	-0.05702	-0.170037	-0.341025	0.569053	34.5299	31.4537	31.1838	34.7209
41400	0.446818	0.50753	-0.145565	-0.809239	-0.0566516	-0.169815	-0.34145	0.568888	34.5299	31.4539	31.1835	34.7211
41500	0.444006	0.501632	-0.113599	-0.832451	-0.066544	-0.167676	-0.328287	0.563521	34.5326	31.451	31.1864	34.7184
41600	0.443663	0.501337	-0.112222	-0.833177	-0.0663675	-0.167155	-0.3278	0.562339	34.5327	31.4508	31.1869	34.7181
41700	0.44637	0.507276	-0.143208	-0.810881	-0.0559395	-0.168535	-0.340923	0.566371	34.53	31.4535	31.1841	34.7207
41800	0.446655	0.507645	-0.143728	-0.81103	-0.0555707	-0.16832	-0.341381	0.566242	34.53	31.4537	31.1838	34.7209
41900	0.446925	0.508004	-0.144202	-0.811187	-0.0552013	-0.168099	-0.341816	0.566085	34.5299	31.4539	31.1836	34.721
42000	0.444367	0.502332	-0.112935	-0.834181	-0.0650339	-0.166086	-0.328867	0.561001	34.5326	31.4511	31.1862	34.7185
42100	0.444012	0.502027	-0.111536	-0.834908	-0.0648603	-0.165563	-0.328362	0.559801	34.5327	31.4509	31.1867	34.7182
42200	0.446458	0.507733	-0.141811	-0.81283	-0.0544938	-0.166816	-0.341259	0.563538	34.53	31.4534	31.1843	34.7206
42300	0.446751	0.508109	-0.142345	-0.812974	-0.0541213	-0.166602	-0.341729	0.563421	34.53	31.4536	31.1839	34.7208
42400	0.447025	0.508471	-0.142832	-0.813127	-0.053751	-0.166381	-0.342173	0.563273	34.5299	31.4538	31.1837	34.721
42500	0.445289	0.503472	-0.111891	-0.835301	-0.0634244	-0.164264	-0.329251	0.558475	34.5324	31.4516	31.1864	34.7194
42600	0.44436	0.502713	-0.110856	-0.83663	-0.0633516	-0.163969	-0.328928	0.557262	34.5326	31.451	31.1866	34.7183
42700	0.446112	0.507536	-0.14129	-0.81547	-0.0539118	-0.165249	-0.341813	0.559885	34.5293	31.4526	31.1832	34.7218
42800	0.44684	0.508566	-0.140955	-0.814908	-0.0526719	-0.164881	-0.342068	0.560589	34.53	31.4535	31.184	34.7208
42900	0.447119	0.50893	-0.141457	-0.815058	-0.0523007	-0.164661	-0.342522	0.560451	34.5299	31.4537	31.1838	34.7209
43000	0.447381	0.509284	-0.141915	-0.815217	-0.0519295	-0.164435	-0.342954	0.560285	34.5299	31.4539	31.1835	34.7211
43100	0.444705	0.503397	-0.110182	-0.838343	-0.0618414	-0.162374	-0.329499	0.554724	34.5326	31.4511	31.1864	34.7184
43200	0.444359	0.503095	-0.108807	-0.839057	-0.0616684	-0.161856	-0.328995	0.553532	34.5327	31.4508	31.1868	34.7181
43300	0.446923	0.509016	-0.139558	-0.816834	-0.0512223	-0.163158	-0.342398	0.557747	34.53	31.4535	31.1842	34.7207
43400	0.447206	0.509383	-0.140076	-0.816981	-0.0508505	-0.16294	-0.342863	0.557618	34.53	31.4537	31.1839	34.7209
43500	0.447472	0.50974	-0.140547	-0.817135	-0.0504782	-0.162715	-0.343304	0.557462	34.5299	31.4538	31.1836	34.721
43600	0.445052	0.504083	-0.109511	-0.840044	-0.0603256	-0.160776	-0.330073	0.552188	34.5326	31.4512	31.1862	34.7185
43700	0.444692	0.503769	-0.108116	-0.840761	-0.0601575	-0.160257	-0.329551	0.550976	34.5327	31.4509	31.1867	34.7182
43800	0.446993	0.50945	-0.13816	-0.818755	-0.0497789	-0.161435	-0.34272	0.554892	34.53	31.4534	31.1843	34.7206
43900	0.447286	0.509828	-0.138688	-0.818895	-0.0494002	-0.161216	-0.343196	0.554776	34.53	31.4536	31.184	34.7208
44000	0.447557	0.510188	-0.139173	-0.819045	-0.049027	-0.160992	-0.343646	0.554628	34.5299	31.4538	31.1837	34.721
44100	0.445905	0.505661	-0.107565	-0.840796	-0.0574722	-0.158995	-0.330344	0.550947	34.5336	31.4525	31.188	34.7163
44200	0.445024	0.504439	-0.107431	-0.842456	-0.0586452	-0.158656	-0.330111	0.548421	34.5326	31.451	31.1865	34.7183
44300	0.44431	0.50821	-0.137959	-0.823478	-0.0476315	-0.160873	-0.343988	0.553153	34.5311	31.4528	31.1849	34.7136
44400	0.44736	0.510267	-0.137294	-0.820799	-0.0479499	-0.15949	-0.343519	0.551924	34.53	31.4535	31.1841	34.7207
44500	0.447635	0.51063	-0.137794	-0.820947	-0.0475759	-0.159267	-0.34398	0.551785	34.53	31.4537	31.1838	34.7209
44600	0.447894	0.510982	-0.138249	-0.821104	-0.0472019	-0.159038	-0.344418	0.551619	34.5299	31.4539	31.1835	34.7211
44700	0.445353	0.505106	-0.106753	-0.844142	-0.0571313	-0.157054	-0.330675	0.545865	34.5326	31.4511	31.1864	34.7184
44800	0.445004	0.504798	-0.10538	-0.844844	-0.0569621	-0.156538	-0.330155	0.544664	34.5327	31.4508	31.1868	34.7181
44900	0.447427	0.510698	-0.135893	-0.822694	-0.0464996	-0.157763	-0.343834	0.549061	34.53	31.4535	31.1842	34.7207
45000	0.447706	0.511064	-0.136408	-0.82284	-0.0461249	-0.157541	-0.344306	0.548932	34.53	31.4537	31.1839	34.7209
45100	0.44797	0.511419	-0.136877	-0.822992	-0.0457498	-0.157312	-0.344753	0.548775	34.5299	31.4538	31.1836	34.721
45200	0.44569	0.505781	-0.106073	-0.845811	-0.0556077	-0.155448	-0.331242	0.543315	34.5326	31.4512	31.1862	34.7186
45300	0.445322	0.505455	-0.104684	-0.846521	-0.0554477	-0.154932	-0.330705	0.542091	34.5327	31.4509	31.1867	34.7182
45400	0.447473	0.511107	-0.134498	-0.824593	-0.0450607	-0.156038	-0.344143	0.546183	34.53	31.4534	31.1843	34.7205
45500	0.447771	0.511491	-0.135016	-0.824723	-0.0446739	-0.155813	-0.344623	0.546069	34.53	31.4536	31.184	34.7208
45600	0.448039	0.511849	-0.135499	-0.824872	-0.0442978	-0.155585	-0.34508	0.545921	34.5299	31.4538	31.1837	34.721
45700	0.450274	0.508775	-0.103888	-0.843104	-0.0557923	-0.152028	-0.330373	0.538431	34.5314	31.4519	31.1832	34.7313
45800	0.445638	0.506109	-0.103994	-0.848189	-0.0539318	-0.153324	-0.331258	0.539518	34.5326	31.451	31.1865	34.7183
45900	0.446491	0.507247	-0.14012	-0.829609	-0.0506873	-0.15062	-0.341929	0.535422	34.5265	31.4453	31.1612	34.7543
46000	0.447829	0.511911	-0.133618	-0.826598	-0.0432229	-0.154082	-0.344932	0.543196	34.53	31.4535	31.1841	34.7207
46100	0.448101	0.512272	-0.134115	-0.826744	-0.042846	-0.153856	-0.345399	0.543058	34.53	31.4537	31.1838	34.7209
46200	0.448357	0.512622	-0.134568	-0.826898	-0.0424692	-0.153623	-0.345843	0.542891	34.5299	31.4539	31.1835	34.7211
46300	0.445952	0.506759	-0.103311	-0.849848	-0.0524145	-0.151715	-0.331816	0.536946	34.5326	31.4511	31.1863	34.7185
46400	0.4456	0.506445	-0.10194	-0.850537	-0.0522489	-0.151203	-0.33128	0.535735	34.5327	31.4508	31.1868	34.7182
46500	0.447881	0.512324	-0.132213	-0.828462	-0.0417721	-0.15235	-0.345231	0.540313	34.53	31.4535	31.1842	34.7206
46600	0.448157	0.512687	-0.132726	-0.828606	-0.0413943	-0.152125	-0.34571	0.540184	34.53	31.4536	31.1839	34.7209
46700	0.448417	0.513041	-0.133192	-0.828756	-0.0410164	-0.151893	-0.346163	0.540027	34.5299	31.4538	31.1836	34.721
46800	0.446284	0.507428	-0.102617	-0.851479	-0.0508807	-0.150098	-0.332374	0.534382	34.5326	31.4512	31.1862	34.7186
46900	0.445903	0.507085	-0.101239	-0.852187	-0.0507312	-0.14959	-0.331823	0.533145	34.5327	31.4509	31.1867	34.7182
47000	0.447898	0.512698	-0.13083	-0.830346	-0.0403473	-0.150626	-0.345529	0.537404	34.53	31.4534	31.1843	34.7205
47100	0.448206	0.513096	-0.13133	-0.830459	-0.0399428	-0.150392	-0.346012	0.537301	34.53	31.4536	31.184	34.7208
47200	0.448471	0.513452	-0.13181	-0.830606	-0.0395639	-0.150161	-0.346475	0.537153	34.5299	31.4538	31.1837	34.721
47300	0.455016	0.518646	-0.0862381	-0.839178	-0.0510813	-0.170815	-0.352227	0.534328	34.524	31.4488	31.2458	34.6551
47400	0.446203	0.507722	-0.100545	-0.853827	-0.0492121	-0.147975	-0.33237	0.530556	34.5326	31.451	31.1865	34.7184
47500	0.445857	0.507409	-0.0991997	-0.854505	-0.049049	-0.147468	-0.331836	0.529354	34.5327	31.4507	31.1869	34.7181
47600	0.448248	0.513498	-0.129927	-0.832303	-0.0384913	-0.148657	-0.346305	0.534408	34.53	31.4535	31.1841	34.7207
47700	0.448517	0.513857	-0.130422	-0.832447	-0.0381116	-0.148428	-0.346779	0.534269	34.53	31.4537	31.1838	34.7209
47800	0.44877	0.514205	-0.130872	-0.8326	-0.0377321	-0.148191	-0.347228	0.534103	34.5299	31.4539	31.1835	34.7211
47900	0.446501	0.508356	-0.0998572	-0.855459	-0.0476912	-0.14636	-0.332922	0.527967	34.5326	31.4511	31.1863	34.7185
48000	0.446146	0.508035	-0.0984884	-0.856136	-0.0475296	-0.14585	-0.332369	0.526747	34.5327	31.4508	31.1868	34.7182
48100	0.448284	0.513892	-0.128519	-0.834137	-0.0370403	-0.146921	-0.346588	0.531505	34.53	31.4535	31.1842	34.7206
48200	0.448557	0.514254	-0.129028	-0.83428	-0.0366595	-0.146692	-0.347074	0.531376	34.53	31.4536	31.1839	34.7208
48300	0.448814	0.514605	-0.129492	-0.834428	-0.0362788	-0.146457	-0.347533	0.531218	34.5299	31.4538	31.1836	34.721
48400	0.446835	0.509029	-0.0991367	-0.857042	-0.0461336	-0.144729	-0.333467	0.525403	34.5327	31.4512	31.1862	34.7186
48500	0.446433	0.508658	-0.0977831	-0.857758	-0.0460087	-0.14423	-0.332905	0.524141	34.5327	31.4509	31.1866	34.7183
48600	0.448245	0.514212	-0.127162	-0.836033	-0.035631	-0.14521	-0.346885	0.528569	34.53	31.4534	31.1843	34.7205
48700	0.448591	0.514644	-0.127629	-0.836102	-0.0352075	-0.144955	-0.347361	0.528473	34.53	31.4536	31.184	34.7208
48800	0.448852	0.514998	-0.128106	-0.836247	-0.0348258	-0.144721	-0.34783	0.528324	34.5299	31.4538	31.1837	34.721
48900	0.449097	0.515341	-0.128541	-0.836401	-0.0344449	-0.14448	-0.348275	0.528148	34.5299	31.4539	31.1835	34.7211
49000	0.446718	0.509279	-0.0970843	-0.859371	-0.0444864	-0.142609	-0.333446	0.521535	34.5326	31.451	31.1865	34.7184
49100	0.446369	0.508959	-0.0957411	-0.860036	-0.044327	-0.142105	-0.332896	0.520324	34.5327	31.4507	31.1869	34.7181
49200	0.448618	0.515027	-0.126222	-0.837916	-0.0337557	-0.143216	-0.347638	0.52556	34.53	31.4535	31.1841	34.7207
49300	0.448883	0.515384	-0.126715	-0.838058	-0.0333731	-0.142983	-0.348119	0.525421	34.53	31.4537	31.1838	34.7209
49400	0.449133	0.51573	-0.127162	-0.838208	-0.0329909	-0.142743	-0.348574	0.525254	34.5299	31.4539	31.1836	34.721
49500	0.447001	0.509896	-0.0963917	-0.860975	-0.0429621	-0.140987	-0.333991	0.51893	34.5326	31.4511	31.1863	34.7185
49600	0.446642	0.509569	-0.0950253	-0.86164	-0.0428045	-0.14048	-0.333422	0.517701	34.5327	31.4508	31.1868	34.7182
49700	0.448638	0.515402	-0.12481	-0.839719	-0.0323049	-0.141476	-0.347906	0.522637	34.53	31.4535	31.1842	34.7206
49800	0.448908	0.515762	-0.125317	-0.83986	-0.0319207	-0.141243	-0.348399	0.522508	34.53	31.4536	31.1839	34.7208
49900	0.449162	0.516112	-0.125778	-0.840006	-0.0315373	-0.141005	-0.348864	0.52235	34.5299	31.4538	31.1836	34.721
50000	0.447377	0.510601	-0.0956257	-0.862469	-0.0413826	-0.139324	-0.334508	0.516356	34.5326	31.4513	31.1862	34.7187
50100	0.446913	0.510175	-0.0943155	-0.863234	-0.0412806	-0.138854	-0.333952	0.515078	34.5327	31.4509	31.1866	34.7183
50200	0.448537	0.515634	-0.123539	-0.841654	-0.0309854	-0.139782	-0.348215	0.519599	34.5299	31.4533	31.1842	34.7206
50300	0.448925	0.516134	-0.123914	-0.841652	-0.0304685	-0.139502	-0.34867	0.519585	34.53	31.4536	31.184	34.7208
50400	0.449184	0.516486	-0.124389	-0.841795	-0.0300841	-0.139264	-0.349146	0.519436	34.5299	31.4537	31.1837	34.7209
50500	0.449425	0.516827	-0.12482	-0.841946	-0.0297005	-0.139021	-0.349597	0.51926	34.5299	31.4539	31.1835	34.7211
50600	0.447182	0.510779	-0.0936122	-0.864819	-0.0397553	-0.137227	-0.334486	0.512456	34.5326	31.451	31.1864	34.7184
50700	0.446831	0.510453	-0.0922714	-0.865472	-0.0395997	-0.136725	-0.333919	0.511236	34.5327	31.4507	31.1869	34.7181
50800	0.448937	0.516498	-0.122504	-0.843434	-0.0290165	-0.137759	-0.348932	0.516652	34.53	31.4535	31.1841	34.7207
50900	0.449199	0.516853	-0.122993	-0.843575	-0.0286312	-0.137522	-0.349419	0.516513	34.53	31.4537	31.1838	34.7209
51000	0.449445	0.517198	-0.123438	-0.843722	-0.0282463	-0.137279	-0.34988	0.516346	34.5299	31.4539	31.1836	34.721
51100	0.44745	0.51138	-0.0929146	-0.866395	-0.0382275	-0.135598	-0.335025	0.509836	34.5326	31.4511	31.1863	34.7185
51200	0.447088	0.511046	-0.0915511	-0.867048	-0.0380743	-0.135094	-0.334438	0.508597	34.5327	31.4508	31.1867	34.7182
51300	0.44894	0.516854	-0.121089	-0.845207	-0.0275665	-0.136015	-0.349184	0.513709	34.53	31.4535	31.1842	34.7206
51400	0.449208	0.517213	-0.121592	-0.845345	-0.0271787	-0.135779	-0.349684	0.513581	34.53	31.4536	31.1839	34.7208
51500	0.449459	0.517561	-0.12205	-0.845489	-0.0267925	-0.135537	-0.350155	0.513423	34.5299	31.4538	31.1837	34.721
51600	0.447863	0.512162	-0.0920176	-0.86777	-0.0365099	-0.133901	-0.335496	0.507374	34.5327	31.4514	31.1863	34.7185
51700	0.447344	0.511635	-0.0908369	-0.868614	-0.0365475	-0.133462	-0.334962	0.505958	34.5326	31.4509	31.1866	34.7183
51800	0.448554	0.516893	-0.119944	-0.847383	-0.0262394	-0.134445	-0.349583	0.510709	34.5301	31.4532	31.1841	34.72
51900	0.44921	0.517566	-0.120185	-0.847106	-0.0257264	-0.134034	-0.349939	0.510639	34.53	31.4536	31.184	34.7208
52000	0.449465	0.517916	-0.120657	-0.847247	-0.0253392	-0.133793	-0.350422	0.51049	34.5299	31.4537	31.1838	34.7209
52100	0.449704	0.518256	-0.121086	-0.847397	-0.024953	-0.133546	-0.350878	0.510314	34.5299	31.4539	31.1835	34.7211
52200	0.447597	0.512222	-0.0901292	-0.870172	-0.0350194	-0.131829	-0.33549	0.503321	34.5326	31.451	31.1864	34.7184
52300	0.447243	0.51189	-0.0887908	-0.870812	-0.0348675	-0.13133	-0.334907	0.502091	34.5327	31.4508	31.1869	34.7181
52400	0.449206	0.517912	-0.118772	-0.848857	-0.0242744	-0.132287	-0.350185	0.507687	34.53	31.4535	31.1841	34.7207
52500	0.449465	0.518265	-0.119259	-0.848996	-0.0238863	-0.132047	-0.35068	0.507548	34.53	31.4537	31.1838	34.7209
52600	0.449708	0.518607	-0.1197	-0.849142	-0.0234988	-0.131801	-0.351147	0.507381	34.5299	31.4539	31.1836	34.721
52700	0.44785	0.512808	-0.0894261	-0.871719	-0.0334876	-0.130194	-0.336022	0.500685	34.5326	31.4511	31.1862	34.7185
52800	0.447484	0.512466	-0.0880662	-0.87236	-0.0333394	-0.129693	-0.335419	0.499436	34.5327	31.4509	31.1867	34.7182
52900	0.449192	0.518247	-0.117355	-0.850601	-0.0228261	-0.13054	-0.350423	0.504724	34.53	31.4534	31.1843	34.7206
53000	0.449458	0.518606	-0.117854	-0.850736	-0.0224339	-0.1303	-0.350929	0.504596	34.53	31.4536	31.1839	34.7208
53100	0.449705	0.518952	-0.118309	-0.850878	-0.022045	-0.130054	-0.351406	0.504438	34.5299	31.4538	31.1837	34.721
53200	0.448657	0.513816	-0.0883578	-0.872658	-0.0318169	-0.128296	-0.336331	0.498086	34.5324	31.4516	31.1864	34.7194
53300	0.447724	0.513039	-0.0873477	-0.873898	-0.0318099	-0.128055	-0.335936	0.496783	34.5326	31.451	31.1866	34.7183
53400	0.448806	0.517939	-0.116796	-0.852976	-0.02227	-0.128991	-0.350938	0.500893	34.5293	31.4526	31.1832	34.7218
53500	0.449445	0.518941	-0.116444	-0.852466	-0.0209817	-0.128551	-0.351169	0.501635	34.53	31.4535	31.184	34.7208
53600	0.449696	0.519289	-0.116913	-0.852605	-0.0205918	-0.128306	-0.351658	0.501487	34.5299	31.4537	31.1838	34.7209
53700	0.449931	0.519626	-0.117339	-0.852752	-0.020203	-0.128056	-0.35212	0.50131	34.5299	31.4539	31.1835	34.7211
53800	0.447962	0.513608	-0.0866356	-0.875428	-0.0302791	-0.126416	-0.336458	0.49413	34.5326	31.4511	31.1864	34.7184
53900	0.447604	0.51327	-0.0852999	-0.876056	-0.0301311	-0.12592	-0.335858	0.492891	34.5327	31.4508	31.1868	34.7181
54000	0.449425	0.519268	-0.115027	-0.854185	-0.0195299	-0.1268	-0.351399	0.498665	34.53	31.4535	31.1842	34.7207
54100	0.44968	0.519619	-0.115511	-0.854323	-0.0191391	-0.126557	-0.3519	0.498526	34.53	31.4537	31.1839	34.7209
54200	0.44992	0.519959	-0.11595	-0.854466	-0.0187489	-0.126307	-0.352373	0.498358	34.5299	31.4538	31.1836	34.721
54300	0.448201	0.51418	-0.0859261	-0.876945	-0.0287426	-0.124773	-0.336983	0.49148	34.5326	31.4512	31.1862	34.7185
54400	0.44783	0.513829	-0.084571	-0.877575	-0.0286004	-0.124277	-0.336364	0.490221	34.5327	31.4509	31.1867	34.7182
54500	0.449392	0.51958	-0.11361	-0.8559	-0.0180852	-0.125051	-0.351622	0.495681	34.53	31.4534	31.1843	34.7206
54600	0.449658	0.519941	-0.114103	-0.856031	-0.0176868	-0.124806	-0.352134	0.495555	34.53	31.4536	31.184	34.7208
54700	0.449902	0.520285	-0.114555	-0.856171	-0.0172953	-0.124557	-0.352617	0.495397	34.5299	31.4538	31.1837	34.721
54800	0.448851	0.515627	-0.083965	-0.877607	-0.0258361	-0.122885	-0.337116	0.490189	34.5336	31.4525	31.188	34.7163
54900	0.448054	0.514385	-0.0838482	-0.879085	-0.0270684	-0.122633	-0.336874	0.487552	34.5326	31.451	31.1865	34.7183
55000	0.446564	0.518303	-0.11332	-0.860489	-0.0161327	-0.124579	-0.352873	0.493612	34.5311	31.4528	31.1849	34.7136
55100	0.449629	0.520257	-0.112689	-0.85773	-0.0162349	-0.123054	-0.352358	0.492576	34.53	31.4535	31.1841	34.7207
55200	0.449877	0.520603	-0.113156	-0.857867	-0.0158423	-0.122806	-0.352853	0.492427	34.53	31.4537	31.1838	34.7209
55300	0.450109	0.520938	-0.113579	-0.858012	-0.015451	-0.122552	-0.353322	0.49225	34.5299	31.4539	31.1835	34.7211
55400	0.448276	0.514937	-0.0831317	-0.880587	-0.0255351	-0.120988	-0.337389	0.484884	34.5326	31.4511	31.1864	34.7184
55500	0.447916	0.514593	-0.081799	-0.881202	-0.0253909	-0.120495	-0.336773	0.483636	34.5327	31.4508	31.1868	34.7181
55600	0.449594	0.520565	-0.11127	-0.859418	-0.0147835	-0.1213	-0.352573	0.489586	34.53	31.4535	31.1842	34.7207
55700	0.449846	0.520914	-0.11175	-0.859554	-0.0143899	-0.121053	-0.35308	0.489447	34.53	31.4537	31.1839	34.7209
55800	0.450082	0.521252	-0.112187	-0.859695	-0.0139971	-0.1208	-0.353559	0.48928	34.5299	31.4538	31.1836	34.721
55900	0.448504	0.515497	-0.0824135	-0.882072	-0.0239915	-0.119338	-0.337907	0.482222	34.5326	31.4512	31.1862	34.7186
56000	0.448126	0.515135	-0.0810658	-0.882693	-0.0238578	-0.118847	-0.337272	0.480951	34.5327	31.4509	31.1867	34.7182
56100	0.449538	0.520851	-0.109856	-0.861109	-0.0133449	-0.11955	-0.352782	0.486581	34.53	31.4534	31.1843	34.7205
56200	0.449808	0.521218	-0.11034	-0.861231	-0.012938	-0.119299	-0.353298	0.486459	34.53	31.4536	31.184	34.7208
56300	0.450049	0.521559	-0.110789	-0.861369	-0.0125439	-0.119047	-0.353788	0.4863	34.5299	31.4538	31.1837	34.721
56400	0.45309	0.518242	-0.0802951	-0.879026	-0.0238519	-0.115716	-0.336885	0.477541	34.5314	31.4519	31.1832	34.7313
56500	0.448335	0.515674	-0.0803388	-0.884175	-0.0223234	-0.117197	-0.337776	0.478267	34.5326	31.451	31.1865	34.7183
56600	0.448956	0.516618	-0.115621	-0.865352	-0.0190268	-0.114419	-0.350972	0.475493	34.5265	31.4453	31.1612	34.7543
56700	0.449763	0.521515	-0.108923	-0.862897	-0.0114865	-0.117543	-0.353507	0.48346	34.53	31.4535	31.1841	34.7207
56800	0.450008	0.521859	-0.109386	-0.863033	-0.0110913	-0.117292	-0.354009	0.483312	34.53	31.4537	31.1838	34.7209
56900	0.450237	0.522192	-0.109806	-0.863175	-0.0106974	-0.117035	-0.354483	0.483135	34.5299	31.4539	31.1835	34.7211
57000	0.44854	0.516209	-0.079618	-0.885648	-0.0207877	-0.115546	-0.338284	0.475584	34.5326	31.4511	31.1863	34.7185
57100	0.448177	0.515859	-0.0782883	-0.88625	-0.0206474	-0.115057	-0.337652	0.474327	34.5327	31.4508	31.1868	34.7182
57200	0.449712	0.521804	-0.1075	-0.864554	-0.0100357	-0.115786	-0.353706	0.480453	34.53	31.4535	31.1842	34.7206
57300	0.449961	0.522151	-0.107978	-0.864688	-0.00963937	-0.115536	-0.35422	0.480314	34.53	31.4536	31.1839	34.7209
57400	0.450194	0.522487	-0.108411	-0.864827	-0.009244	-0.11528	-0.354705	0.480146	34.5299	31.4538	31.1836	34.721
57500	0.448763	0.516762	-0.0788867	-0.887094	-0.0192343	-0.113886	-0.338792	0.472911	34.5326	31.4512	31.1862	34.7186
57600	0.448372	0.516384	-0.077551	-0.887713	-0.0191121	-0.113403	-0.338144	0.471627	34.5327	31.4509	31.1867	34.7182
57700	0.449629	0.522055	-0.1061	-0.866227	-0.0086133	-0.11404	-0.353906	0.477418	34.53	31.4534	31.1843	34.7205
57800	0.449907	0.522436	-0.106564	-0.866333	-0.008188	-0.113779	-0.354423	0.477307	34.53	31.4536	31.184	34.7208
57900	0.450145	0.522775	-0.10701	-0.866469	-0.0077913	-0.113523	-0.354919	0.477149	34.5299	31.4538	31.1837	34.721
58000	0.457488	0.529415	-0.0611462	-0.87482	-0.0188176	-0.133759	-0.357438	0.473726	34.524	31.4488	31.2458	34.6551
58100	0.448564	0.516905	-0.0768198	-0.889166	-0.0175756	-0.111747	-0.338641	0.468929	34.5326	31.451	31.1865	34.7184
58200	0.448208	0.516557	-0.0755156	-0.889757	-0.0174373	-0.111263	-0.338013	0.467681	34.5327	31.4507	31.1869	34.7181
58300	0.449847	0.522714	-0.105145	-0.867968	-0.00673712	-0.11202	-0.354616	0.474291	34.53	31.4535	31.1841	34.7207
58400	0.450089	0.523056	-0.105605	-0.868102	-0.00633932	-0.111765	-0.355124	0.474143	34.53	31.4537	31.1838	34.7209
58500	0.450314	0.523387	-0.106022	-0.868242	-0.00594291	-0.111505	-0.355604	0.473965	34.5299	31.4539	31.1835	34.7211
58600	0.448754	0.517423	-0.0760948	-0.890611	-0.0160374	-0.110091	-0.339143	0.466231	34.5326	31.4511	31.1863	34.7185
58700	0.448389	0.517067	-0.0747684	-0.8912	-0.0159013	-0.109605	-0.338494	0.464966	34.5327	31.4508	31.1868	34.7182
58800	0.449781	0.522985	-0.103719	-0.869593	-0.00528724	-0.11026	-0.3548	0.471266	34.53	31.4535	31.1842	34.7206
58900	0.450026	0.52333	-0.104194	-0.869725	-0.00488802	-0.110006	-0.35532	0.471127	34.53	31.4536	31.1839	34.7208
59000	0.450256	0.523664	-0.104624	-0.869862	-0.00449011	-0.109747	-0.355811	0.470959	34.5299	31.4538	31.1836	34.721
59100	0.448977	0.51798	-0.0753377	-0.892009	-0.0144601	-0.108417	-0.339636	0.463562	34.5327	31.4512	31.1862	34.7186
59200	0.448568	0.517575	-0.0740271	-0.892634	-0.0143639	-0.107945	-0.33898	0.462252	34.5327	31.4509	31.1866	34.7183
59300	0.449642	0.523183	-0.102346	-0.871276	-0.00388424	-0.10853	-0.355	0.468203	34.53	31.4534	31.1843	34.7205
59400	0.449957	0.523596	-0.102777	-0.871339	-0.00343735	-0.108246	-0.355507	0.468102	34.53	31.4536	31.184	34.7208
59500	0.450191	0.523933	-0.10322	-0.871473	-0.0030381	-0.107987	-0.356009	0.467944	34.5299	31.4538	31.1837	34.721
59600	0.450408	0.524258	-0.103622	-0.871614	-0.00264084	-0.107723	-0.356484	0.467758	34.5299	31.4539	31.1835	34.7211
59700	0.448744	0.518079	-0.0732918	-0.894059	-0.0128253	-0.106285	-0.33947	0.459539	34.5326	31.451	31.1865	34.7184
59800	0.448385	0.517725	-0.0719908	-0.894637	-0.012691	-0.105804	-0.338826	0.458283	34.5327	31.4507	31.1869	34.7181
59900	0.449881	0.523856	-0.101355	-0.872941	-0.00198723	-0.106484	-0.355684	0.465068	34.53	31.4535	31.1841	34.7207
60000	0.450119	0.524195	-0.101812	-0.873074	-0.00158686	-0.106226	-0.356199	0.46492	34.53	31.4537	31.1838	34.7209
60100	0.450341	0.524524	-0.102226	-0.873212	-0.00118797	-0.105963	-0.356684	0.464743	34.5299	31.4539	31.1836	34.721
60200	0.448919	0.51858	-0.0725624	-0.895475	-0.0112849	-0.104623	-0.339965	0.456827	34.5326	31.4511	31.1863	34.7185
60300	0.44855	0.518218	-0.0712396	-0.896051	-0.011153	-0.10414	-0.3393	0.455553	34.5327	31.4508	31.1868	34.7182
60400	0.449799	0.524107	-0.0999273	-0.874534	-0.000538657	-0.104721	-0.355852	0.462025	34.53	31.4535	31.1842	34.7206
60500	0.450041	0.52445	-0.100398	-0.874665	-0.000136378	-0.104464	-0.356379	0.461887	34.53	31.4536	31.1839	34.7208
60600	0.450267	0.524782	-0.100825	-0.8748	0.000264043	-0.104201	-0.356876	0.461719	34.5299	31.4538	31.1836	34.721
60700	0.449182	0.519166	-0.0717619	-0.896784	-0.00968276	-0.102914	-0.340426	0.454154	34.5326	31.4513	31.1862	34.7187
60800	0.448713	0.518708	-0.0704942	-0.897456	-0.00961374	-0.102476	-0.339779	0.452825	34.5327	31.4509	31.1866	34.7183
60900	0.449606	0.524218	-0.0986373	-0.876249	0.000770498	-0.103015	-0.35607	0.458858	34.5299	31.4533	31.1842	34.7206
61000	0.449956	0.524698	-0.098979	-0.876246	0.00131343	-0.102701	-0.356551	0.458845	34.53	31.4536	31.184	34.7208
61100	0.450187	0.525032	-0.0994191	-0.876378	0.0017152	-0.102439	-0.357059	0.458687	34.5299	31.4537	31.1837	34.7209
61200	0.450401	0.525355	-0.0998178	-0.876517	0.00211488	-0.102172	-0.357539	0.4585	34.5299	31.4539	31.1835	34.7211
61300	0.448873	0.519195	-0.0697549	-0.898852	-0.00807326	-0.10081	-0.340262	0.450098	34.5326	31.451	31.1864	34.7184
61400	0.448512	0.518835	-0.0684575	-0.899418	-0.00794284	-0.100333	-0.339602	0.448834	34.5327	31.4507	31.1869	34.7181
61500	0.449865	0.524938	-0.0975542	-0.877817	0.00276262	-0.100937	-0.356712	0.455794	34.53	31.4535	31.1841	34.7207
61600	0.450099	0.525275	-0.098008	-0.877947	0.00316552	-0.100676	-0.357233	0.455645	34.53	31.4537	31.1838	34.7209
61700	0.450318	0.525602	-0.098419	-0.878083	0.00356687	-0.100409	-0.357724	0.455468	34.5299	31.4539	31.1836	34.721
61800	0.449033	0.51968	-0.069021	-0.900239	-0.00653032	-0.0991427	-0.34075	0.447373	34.5326	31.4511	31.1863	34.7185
61900	0.448661	0.519311	-0.0677023	-0.900803	-0.00640309	-0.0986638	-0.340069	0.44609	34.5327	31.4508	31.1867	34.7182
62000	0.449766	0.525169	-0.096125	-0.879378	0.00420926	-0.0991719	-0.356864	0.452733	34.53	31.4535	31.1842	34.7206
62100	0.450006	0.525511	-0.0965918	-0.879507	0.00461503	-0.0989111	-0.357398	0.452595	34.53	31.4536	31.1839	34.7208
62200	0.450228	0.525841	-0.0970155	-0.879639	0.00501793	-0.098645	-0.357901	0.452427	34.5299	31.4538	31.1837	34.721
62300	0.449323	0.52034	-0.068093	-0.901437	-0.00478785	-0.097395	-0.341157	0.44482	34.5327	31.4514	31.1863	34.7185
62400	0.448808	0.519784	-0.066953	-0.902179	-0.00486206	-0.096994	-0.340541	0.443348	34.5326	31.4509	31.1866	34.7183
62500	0.449287	0.525097	-0.0949548	-0.881337	0.00550576	-0.097603	-0.357181	0.449586	34.5301	31.4532	31.1841	34.72
62600	0.449905	0.52574	-0.0951702	-0.881055	0.0060638	-0.0971454	-0.357554	0.449536	34.53	31.4536	31.184	34.7208
62700	0.450132	0.526072	-0.095607	-0.881186	0.00646807	-0.0968801	-0.358068	0.449378	34.5299	31.4537	31.1838	34.7209
62800	0.450343	0.526393	-0.0960026	-0.881322	0.00687014	-0.0966097	-0.358554	0.449191	34.5299	31.4539	31.1835	34.7211
62900	0.448953	0.520253	-0.0662097	-0.903546	-0.00331987	-0.0953233	-0.341018	0.440607	34.5326	31.451	31.1864	34.7184
63000	0.448588	0.519887	-0.0649159	-0.904099	-0.00319342	-0.0948494	-0.340341	0.439335	34.5327	31.4508	31.1869	34.7181
63100	0.449799	0.525962	-0.093743	-0.882594	0.00751189	-0.0953786	-0.357699	0.446468	34.53	31.4535	31.1841	34.7207
63200	0.450029	0.526297	-0.0941936	-0.882723	0.0079173	-0.0951141	-0.358227	0.446319	34.53	31.4537	31.1838	34.7209
63300	0.450244	0.526621	-0.0946014	-0.882856	0.00832107	-0.0948442	-0.358724	0.446142	34.5299	31.4539	31.1836	34.721
63400	0.449097	0.520722	-0.0654708	-0.904904	-0.00177402	-0.0936508	-0.341499	0.437869	34.5326	31.4511	31.1862	34.7185
63500	0.448722	0.520346	-0.0641569	-0.905455	-0.00165205	-0.0931758	-0.340802	0.436578	34.5327	31.4509	31.1867	34.7182
63600	0.449683	0.526172	-0.092313	-0.884123	0.00895564	-0.0936119	-0.357836	0.443389	34.53	31.4534	31.1843	34.7206
63700	0.44992	0.526514	-0.092775	-0.884249	0.00936567	-0.0933471	-0.358376	0.443252	34.53	31.4536	31.1839	34.7208
63800	0.450139	0.526841	-0.0931954	-0.88438	0.00977102	-0.0930778	-0.358885	0.443084	34.5299	31.4538	31.1837	34.721
63900	0.449784	0.521594	-0.0643833	-0.905657	-5.05551e-05	-0.0916866	-0.341732	0.43521	34.5324	31.4516	31.1864	34.7194
64000	0.448853	0.520802	-0.0634036	-0.906802	-0.00010945	-0.0915012	-0.341266	0.433822	34.5326	31.451	31.1866	34.7183
64100	0.449258	0.525756	-0.0917191	-0.886223	0.00948307	-0.0920889	-0.358311	0.4394	34.5293	31.4526	31.1832	34.7218
64200	0.449804	0.526724	-0.0913511	-0.885766	0.0108133	-0.0915791	-0.358516	0.440176	34.53	31.4535	31.184	34.7208
64300	0.450028	0.527054	-0.0917846	-0.885894	0.01122	-0.0913105	-0.359036	0.440018	34.5299	31.4537	31.1838	34.7209
64400	0.450235	0.527372	-0.092177	-0.886028	0.0116244	-0.0910369	-0.359528	0.439832	34.5299	31.4539	31.1835	34.7211
64500	0.448981	0.521254	-0.0626565	-0.90814	0.0014343	-0.0898256	-0.341736	0.431067	34.5326	31.4511	31.1864	34.7184
64600	0.448615	0.520882	-0.0613665	-0.908679	0.00155674	-0.0893553	-0.341044	0.429787	34.5327	31.4508	31.1868	34.7181
64700	0.449682	0.526926	-0.0899217	-0.887271	0.0122601	-0.0898099	-0.358646	0.437092	34.53	31.4535	31.1842	34.7207
64800	0.449909	0.527259	-0.090369	-0.887399	0.012668	-0.0895422	-0.359179	0.436943	34.53	31.4537	31.1839	34.7209
64900	0.450121	0.527581	-0.0907735	-0.88753	0.0130741	-0.0892691	-0.359682	0.436766	34.5299	31.4538	31.1836	34.721
65000	0.449112	0.521708	-0.0619116	-0.909466	0.00298392	-0.0881473	-0.34221	0.428317	34.5326	31.4512	31.1862	34.7185
65100	0.448732	0.521323	-0.0606036	-0.910006	0.00309956	-0.0876769	-0.341497	0.427017	34.5327	31.4509	31.1867	34.7182
65200	0.449547	0.527114	-0.0884929	-0.888771	0.0136988	-0.0880426	-0.358768	0.433994	34.53	31.4534	31.1843	34.7206
65300	0.449784	0.527457	-0.0889482	-0.888893	0.014115	-0.087773	-0.359313	0.43386	34.53	31.4536	31.184	34.7208
65400	0.45	0.527782	-0.0893653	-0.889022	0.0145228	-0.0875005	-0.359828	0.433692	34.5299	31.4538	31.1837	34.721
65500	0.449555	0.523018	-0.0599461	-0.910036	0.00592909	-0.0861618	-0.342204	0.426983	34.5336	31.4525	31.188	34.7163
65600	0.448847	0.521761	-0.0598466	-0.911324	0.00464357	-0.0859977	-0.341955	0.424248	34.5326	31.451	31.1865	34.7183
65700	0.446589	0.525807	-0.0881149	-0.893202	0.0154467	-0.0876618	-0.359995	0.431607	34.5311	31.4528	31.1849	34.7136
65800	0.449653	0.527648	-0.0875223	-0.890377	0.0155612	-0.0860028	-0.359437	0.430767	34.53	31.4535	31.1841	34.7207
65900	0.449873	0.527976	-0.0879524	-0.890503	0.0159704	-0.0857309	-0.359964	0.430609	34.53	31.4537	31.1838	34.7209
66000	0.450076	0.528292	-0.0883414	-0.890635	0.0163771	-0.0854542	-0.360461	0.430423	34.5299	31.4539	31.1835	34.7211
66100	0.44896	0.522196	-0.0590956	-0.912633	0.00618875	-0.0843175	-0.342418	0.42148	34.5326	31.4511	31.1864	34.7184
66200	0.448591	0.521818	-0.0578096	-0.913159	0.00630712	-0.0838507	-0.34171	0.420192	34.5327	31.4508	31.1868	34.7181
66300	0.449515	0.527832	-0.0860909	-0.891849	0.0170065	-0.0842315	-0.359551	0.427666	34.53	31.4535	31.1842	34.7207
66400	0.449739	0.528163	-0.0865346	-0.891975	0.0174169	-0.0839606	-0.360091	0.427518	34.53	31.4537	31.1839	34.7209
66500	0.449947	0.528482	-0.0869358	-0.892104	0.0178255	-0.0836843	-0.3606	0.427341	34.5299	31.4538	31.1836	34.721
66600	0.449078	0.522638	-0.0583426	-0.913926	0.00774458	-0.0826325	-0.342884	0.41872	34.5326	31.4512	31.1862	34.7186
66700	0.448692	0.522242	-0.0570431	-0.914456	0.00785122	-0.0821678	-0.342156	0.417408	34.5327	31.4509	31.1867	34.7182
66800	0.449358	0.527993	-0.0846664	-0.893324	0.0184376	-0.082466	-0.35966	0.424549	34.53	31.4534	31.1843	34.7205
66900	0.449598	0.528342	-0.0851119	-0.893437	0.0188625	-0.0821893	-0.360209	0.424418	34.53	31.4536	31.184	34.7208
67000	0.449811	0.528665	-0.0855255	-0.893563	0.0192727	-0.0819136	-0.36073	0.424251	34.5299	31.4538	31.1837	34.721
67100	0.453643	0.525121	-0.0563017	-0.910558	0.00820772	-0.0788253	-0.341714	0.414267	34.5314	31.4519	31.1832	34.7313
67200	0.448792	0.522663	-0.0562823	-0.915745	0.00939647	-0.0804841	-0.342606	0.414626	34.5326	31.451	31.1865	34.7183
67300	0.449179	0.523409	-0.0905442	-0.896774	0.0127287	-0.0776464	-0.358261	0.413189	34.5265	31.4453	31.1612	34.7543
67400	0.449451	0.528514	-0.083684	-0.894888	0.0203072	-0.0804171	-0.360317	0.42131	34.53	31.4535	31.1841	34.7207
67500	0.449668	0.52884	-0.0841107	-0.895013	0.0207188	-0.0801421	-0.36085	0.421152	34.53	31.4537	31.1838	34.7209
67600	0.449868	0.529153	-0.0844964	-0.895142	0.0211278	-0.0798623	-0.361353	0.420966	34.5299	31.4539	31.1835	34.7211
67700	0.448888	0.52308	-0.0555274	-0.917025	0.0109429	-0.0787995	-0.343063	0.411846	34.5326	31.4511	31.1863	34.7185
67800	0.448517	0.522697	-0.0542457	-0.917537	0.0110572	-0.0783363	-0.342338	0.41055	34.5327	31.4508	31.1868	34.7182
67900	0.449298	0.528679	-0.0822508	-0.896327	0.0217508	-0.078644	-0.360416	0.418193	34.53	31.4535	31.1842	34.7206
68000	0.449518	0.529007	-0.082691	-0.896452	0.0221637	-0.0783698	-0.360962	0.418045	34.53	31.4536	31.1839	34.7209
68100	0.449723	0.529324	-0.0830887	-0.896578	0.0225746	-0.0780904	-0.361476	0.417868	34.5299	31.4538	31.1836	34.721
68200	0.449001	0.523515	-0.0547621	-0.918279	0.0125081	-0.0771045	-0.343517	0.409078	34.5326	31.4512	31.1862	34.7186
68300	0.448602	0.523103	-0.0534755	-0.918805	0.0126024	-0.0766491	-0.342777	0.407754	34.5327	31.4509	31.1867	34.7182
68400	0.449114	0.528806	-0.0808398	-0.897782	0.0231638	-0.0768839	-0.360515	0.415047	34.53	31.4534	31.1843	34.7205
68500	0.449362	0.529168	-0.0812665	-0.89788	0.0236077	-0.0765967	-0.361064	0.414929	34.53	31.4536	31.184	34.7208
68600	0.449571	0.529488	-0.0816766	-0.898005	0.0240202	-0.0763179	-0.361591	0.414762	34.5299	31.4538	31.1837	34.721
68700	0.457674	0.53754	-0.035749	-0.906093	0.01354	-0.0960339	-0.360864	0.410758	34.524	31.4488	31.2458	34.6551
68800	0.448686	0.523506	-0.052711	-0.920064	0.0141487	-0.0749611	-0.343221	0.404959	34.5326	31.451	31.1865	34.7184
68900	0.44832	0.523125	-0.0514544	-0.920566	0.0142614	-0.0745031	-0.342503	0.403673	34.5327	31.4507	31.1869	34.7181
69000	0.4492	0.529321	-0.0798368	-0.899298	0.0250507	-0.0748227	-0.361156	0.411805	34.53	31.4535	31.1841	34.7207
69100	0.449413	0.529644	-0.0802599	-0.899421	0.0254646	-0.0745446	-0.361696	0.411648	34.53	31.4537	31.1838	34.7209
69200	0.449609	0.529955	-0.0806422	-0.899548	0.0258759	-0.0742617	-0.362204	0.411461	34.5299	31.4539	31.1835	34.7211
69300	0.448767	0.523907	-0.0519523	-0.921315	0.0156964	-0.0732722	-0.34367	0.402166	34.5326	31.4511	31.1863	34.7185
69400	0.448392	0.523517	-0.0506751	-0.921814	0.0158064	-0.0728127	-0.34293	0.400863	34.5327	31.4508	31.1868	34.7182
69500	0.449031	0.529466	-0.0784021	-0.900705	0.0264923	-0.073048	-0.361239	0.408673	34.53	31.4535	31.1842	34.7206
69600	0.449248	0.529792	-0.0788386	-0.900827	0.0269078	-0.0727706	-0.361792	0.408525	34.53	31.4536	31.1839	34.7208
69700	0.449449	0.530107	-0.0792328	-0.900952	0.027321	-0.0724881	-0.362312	0.408348	34.5299	31.4538	31.1836	34.721
69800	0.448877	0.524343	-0.0511623	-0.922521	0.0172855	-0.0715632	-0.344108	0.399405	34.5327	31.4512	31.1862	34.7186
69900	0.448462	0.523906	-0.0499013	-0.923052	0.0173525	-0.0711214	-0.343362	0.398054	34.5327	31.4509	31.1866	34.7183
70000	0.448793	0.529542	-0.0770176	-0.902168	0.0278819	-0.0713088	-0.361342	0.405499	34.53	31.4534	31.1843	34.7205
70100	0.449076	0.529934	-0.0774123	-0.902223	0.02835	-0.0709959	-0.361878	0.405394	34.53	31.4536	31.184	34.7208
70200	0.449281	0.530251	-0.077819	-0.902346	0.0287648	-0.0707139	-0.36241	0.405227	34.5299	31.4538	31.1837	34.721
70300	0.44947	0.530557	-0.0781862	-0.902473	0.0291764	-0.0704275	-0.362912	0.405031	34.5299	31.4539	31.1835	34.7211
70400	0.448529	0.524292	-0.0491332	-0.924282	0.0188998	-0.0694293	-0.343799	0.395247	34.5326	31.451	31.1865	34.7184
70500	0.448162	0.523904	-0.047881	-0.92477	0.0190084	-0.068975	-0.343064	0.393954	34.5327	31.4507	31.1869	34.7181
70600	0.448898	0.530068	-0.0759811	-0.903608	0.0297911	-0.0692203	-0.361955	0.402255	34.53	31.4535	31.1841	34.7207
70700	0.449107	0.530389	-0.0764006	-0.903729	0.0302073	-0.068939	-0.3625	0.402097	34.53	31.4537	31.1838	34.7209
70800	0.4493	0.530698	-0.0767795	-0.903854	0.0306209	-0.068653	-0.363014	0.401911	34.5299	31.4539	31.1836	34.721
70900	0.448595	0.524674	-0.0483707	-0.925503	0.0204487	-0.0677362	-0.344241	0.392442	34.5326	31.4511	31.1863	34.7185
71000	0.448218	0.524279	-0.0470982	-0.925988	0.0205542	-0.0672806	-0.343484	0.391131	34.5327	31.4508	31.1868	34.7182
71100	0.448714	0.530194	-0.0745453	-0.904981	0.0312303	-0.0674443	-0.362021	0.399106	34.53	31.4535	31.1842	34.7206
71200	0.448927	0.530518	-0.0749777	-0.905102	0.0316486	-0.0671635	-0.36258	0.398959	34.53	31.4536	31.1839	34.7208
71300	0.449124	0.53083	-0.0753684	-0.905225	0.0320641	-0.0668779	-0.363106	0.398782	34.5299	31.4538	31.1836	34.721
71400	0.448744	0.525138	-0.0475396	-0.92662	0.0220655	-0.0659904	-0.344644	0.389683	34.5326	31.4513	31.1862	34.7187
71500	0.448271	0.52465	-0.0463209	-0.927197	0.0221011	-0.0655853	-0.343909	0.38831	34.5327	31.4509	31.1866	34.7183
71600	0.448429	0.530185	-0.073243	-0.906469	0.0325225	-0.0657344	-0.362148	0.395826	34.5299	31.4533	31.1842	34.7206
71700	0.44874	0.530641	-0.07355	-0.906465	0.0330888	-0.0653873	-0.362651	0.395813	34.53	31.4536	31.184	34.7208
71800	0.448941	0.530956	-0.073953	-0.906585	0.0335059	-0.0651022	-0.363189	0.395646	34.5299	31.4537	31.1837	34.7209
71900	0.449127	0.531259	-0.0743168	-0.906711	0.0339197	-0.0648129	-0.363696	0.39545	34.5299	31.4539	31.1835	34.7211
72000	0.448323	0.525018	-0.0455493	-0.928397	0.0236491	-0.0638893	-0.344339	0.385491	34.5326	31.451	31.1864	34.7184
72100	0.447953	0.524625	-0.0443016	-0.928871	0.0237536	-0.0634387	-0.343589	0.384191	34.5327	31.4507	31.1869	34.7181
72200	0.448547	0.530756	-0.0721173	-0.907816	0.034528	-0.0636104	-0.362711	0.392659	34.53	31.4535	31.1841	34.7207
72300	0.448752	0.531074	-0.0725332	-0.907936	0.0349464	-0.063326	-0.363263	0.392501	34.53	31.4537	31.1838	34.7209
72400	0.448941	0.531381	-0.0729085	-0.908058	0.0353622	-0.063037	-0.363782	0.392315	34.5299	31.4539	31.1836	34.721
72500	0.448372	0.525384	-0.0447827	-0.929588	0.0251995	-0.0621921	-0.344774	0.382675	34.5326	31.4511	31.1863	34.7185
72600	0.447993	0.524982	-0.0435154	-0.930059	0.0253001	-0.0617405	-0.344002	0.381356	34.5327	31.4508	31.1867	34.7182
72700	0.448346	0.530862	-0.0706809	-0.909157	0.035964	-0.0618335	-0.362762	0.389495	34.53	31.4535	31.1842	34.7206
72800	0.448556	0.531185	-0.0711089	-0.909275	0.0363857	-0.0615492	-0.363327	0.389348	34.53	31.4536	31.1839	34.7208
72900	0.44875	0.531495	-0.071496	-0.909396	0.0368033	-0.0612605	-0.363859	0.389172	34.5299	31.4538	31.1837	34.721
73000	0.448539	0.525919	-0.0438283	-0.930602	0.0269581	-0.0604021	-0.345114	0.380044	34.5327	31.4514	31.1863	34.7185
73100	0.448031	0.525336	-0.0427346	-0.931238	0.0268477	-0.0600414	-0.344419	0.378523	34.5326	31.4509	31.1866	34.7183
73200	0.447777	0.530679	-0.0694913	-0.910889	0.0372235	-0.0602737	-0.362995	0.386218	34.5301	31.4532	31.1841	34.72
73300	0.448354	0.531288	-0.0696799	-0.910604	0.0378238	-0.0597718	-0.363382	0.386187	34.53	31.4536	31.184	34.7208
73400	0.448551	0.531601	-0.0700792	-0.910723	0.038243	-0.0594836	-0.363926	0.386021	34.5299	31.4537	31.1838	34.7209
73500	0.448733	0.531902	-0.0704395	-0.910846	0.038659	-0.0591912	-0.364439	0.385825	34.5299	31.4539	31.1835	34.7211
73600	0.448066	0.525686	-0.0419595	-0.932409	0.0283962	-0.0583417	-0.344842	0.375693	34.5326	31.451	31.1864	34.7184
73700	0.447694	0.525288	-0.0407167	-0.93287	0.0284966	-0.0578949	-0.344076	0.374385	34.5327	31.4508	31.1869	34.7181
73800	0.448145	0.531385	-0.0682459	-0.911922	0.0392607	-0.0579937	-0.363427	0.383018	34.53	31.4535	31.1841	34.7207
73900	0.448346	0.5317	-0.0686581	-0.91204	0.0396814	-0.0577062	-0.363985	0.382861	34.53	31.4537	31.1838	34.7209
74000	0.448532	0.532004	-0.0690298	-0.912161	0.0400994	-0.0574141	-0.364509	0.382675	34.5299	31.4539	31.1836	34.721
