100	0.388178	0.482788	0.307934	0.241798	2.52505	2.18856	1.58671	-5.51486	-0.0271804	-0.0274709	29.9892	-0.0127958	0.0080693	30.0057	-0.608004	-0.608003	-0.620005	-0.620006	0.0169053	0.0169408	0.0169161	0.0168825	
200	0.362891	0.460627	0.280672	0.212281	2.38752	2.33407	1.69677	-5.55166	-0.0302196	-0.033521	29.9877	-0.0176969	0.00657832	30.0001	-0.608002	-0.608	-0.620005	-0.620006	0.017433	0.0175008	0.0174166	0.0173741	
300	0.359329	0.457505	0.277077	0.208348	2.37181	2.36243	1.71711	-5.54432	-0.0204063	-0.0270925	29.9865	-0.0219954	0.00506276	29.9948	-0.608003	-0.608	-0.620007	-0.620009	0.0179079	0.0180084	0.0178642	0.0178152	
400	0.356168	0.454662	0.273276	0.204394	2.34823	2.29649	1.66717	-5.54882	-0.0108484	-0.0208952	29.9854	-0.0259441	0.00391551	29.9902	-0.607998	-0.607978	-0.619744	-0.619795	0.0183341	0.0184675	0.0182668	0.0182109	
500	0.355565	0.454452	0.271384	0.202267	2.40132	2.33939	1.69256	-5.56578	-0.0035428	-0.0178307	29.9844	-0.0295385	0.00273938	29.9865	-0.608004	-0.608	-0.619992	-0.619997	0.0187153	0.0188813	0.018623	0.0185674	
600	0.353912	0.453697	0.270444	0.200608	2.51758	2.23635	1.61504	-5.46847	0.00159906	-0.0165395	29.9833	-0.0329281	0.00180106	29.983	-0.607999	-0.608	-0.62	-0.619999	0.0190571	0.0192548	0.0189412	0.0188836	
700	0.350886	0.451304	0.265405	0.19515	2.53222	2.18272	1.57207	-5.47067	0.00521163	-0.0158738	29.9822	-0.0361618	0.00129557	29.9797	-0.607806	-0.608004	-0.619051	-0.61898	0.0193638	0.019592	0.0192287	0.0191635	
800	0.346866	0.44753	0.262958	0.19249	2.48319	2.27328	1.63995	-5.47177	0.00894787	-0.0174517	29.9815	-0.0391415	0.000421676	29.9775	-0.608	-0.608	-0.62	-0.62	0.0196308	0.0198928	0.0194762	0.0194183	
900	0.347607	0.448469	0.260783	0.190348	2.55642	2.32551	1.66885	-5.51216	0.010569	-0.0177378	29.9802	-0.0416829	0.000161489	29.9747	-0.608	-0.608	-0.62	-0.62	0.0198762	0.020161	0.0197034	0.0196375	
1000	0.345634	0.446383	0.261862	0.191331	2.46706	2.29775	1.65539	-5.4702	0.0138725	-0.0200625	29.9797	-0.0444741	-0.000621594	29.9729	-0.608	-0.608	-0.62	-0.62	0.020084	0.0204047	0.0198951	0.0198368	
1100	0.346915	0.447778	0.260077	0.189647	2.54221	2.35198	1.68573	-5.51608	0.0152074	-0.0221358	29.9789	-0.0465094	-0.00111541	29.9712	-0.608007	-0.608	-0.619988	-0.619997	0.0202743	0.0206166	0.0200689	0.0200155	
1200	0.347848	0.448183	0.264602	0.194371	2.45705	2.31452	1.66541	-5.467	0.0168848	-0.022069	29.978	-0.0486549	-0.00107693	29.9689	-0.608004	-0.608	-0.620013	-0.620015	0.0204421	0.020808	0.0202267	0.020162	
1300	0.345646	0.447291	0.259716	0.188648	2.64721	2.26959	1.62241	-5.42353	0.0194504	-0.0253889	29.9776	-0.051168	-0.00182538	29.9678	-0.607996	-0.608008	-0.620003	-0.619992	0.0205849	0.0209856	0.0203542	0.0203004	
1400	0.341382	0.443591	0.254932	0.183488	2.62943	2.26811	1.62096	-5.43152	0.0200068	-0.0274199	29.9768	-0.0523479	-0.00221163	29.967	-0.608	-0.608	-0.62	-0.62	0.0207165	0.0211282	0.0204715	0.0204269	
1500	0.342546	0.443932	0.255377	0.184593	2.5174	2.38767	1.70787	-5.52153	0.0212442	-0.0279578	29.9758	-0.053771	-0.00247269	29.9656	-0.608001	-0.608	-0.619997	-0.619999	0.0208367	0.0212606	0.0205769	0.0205338	
1600	0.342076	0.443403	0.256047	0.185299	2.47668	2.29348	1.63949	-5.51531	0.0233603	-0.0275574	29.9756	-0.0557748	-0.00196982	29.9638	-0.608	-0.608	-0.62	-0.62	0.0209329	0.0213861	0.0206768	0.0206175	
1700	0.347562	0.448816	0.261887	0.191142	2.63461	2.27746	1.62345	-5.42691	0.0239747	-0.03043	29.9756	-0.0573059	-0.00225942	29.9629	-0.608001	-0.608001	-0.62	-0.619999	0.0210154	0.0214938	0.0207549	0.0206973	
1800	0.344051	0.445783	0.258	0.18692	2.62212	2.28753	1.63087	-5.43228	0.0245827	-0.0323581	29.9749	-0.0580988	-0.00273779	29.9627	-0.608	-0.608	-0.62	-0.62	0.021093	0.0215803	0.0208193	0.0207726	
1900	0.340758	0.442935	0.254353	0.182961	2.61011	2.29801	1.63848	-5.43743	0.0257247	-0.0337952	29.9743	-0.0590017	-0.00320104	29.9624	-0.608	-0.608	-0.62	-0.62	0.021163	0.0216597	0.0208765	0.0208404	
2000	0.337821	0.440393	0.251096	0.179428	2.59935	2.30804	1.64564	-5.44213	0.0270158	-0.0351063	29.9738	-0.0599737	-0.00365113	29.962	-0.608	-0.608	-0.62	-0.62	0.021226	0.0217326	0.0209271	0.0209014	
2100	0.335197	0.438121	0.248184	0.176272	2.58968	2.31764	1.65241	-5.44646	0.0283493	-0.036381	29.9732	-0.060985	-0.0040876	29.9615	-0.608	-0.608	-0.62	-0.62	0.0212829	0.0217996	0.020972	0.0209563	
2200	0.332851	0.436087	0.245575	0.173447	2.58096	2.3268	1.6588	-5.45045	0.0296889	-0.0376407	29.9727	-0.0620127	-0.00451005	29.961	-0.608	-0.608	-0.62	-0.62	0.021334	0.0218613	0.0210117	0.0210058	
2300	0.339737	0.441344	0.253603	0.182664	2.46562	2.35175	1.67834	-5.51808	0.0313781	-0.0371424	29.9723	-0.0631938	-0.0046148	29.9596	-0.607947	-0.60795	-0.619995	-0.619986	0.0213792	0.0219202	0.0210481	0.0210375	
2400	0.345781	0.447485	0.257522	0.186666	2.66866	2.26171	1.60112	-5.47725	0.0321689	-0.036909	29.9729	-0.0640774	-0.00374819	29.9587	-0.608	-0.608001	-0.62	-0.619999	0.0214031	0.0219667	0.0210888	0.0210597	
2500	0.344601	0.446442	0.256245	0.185302	2.66	2.25714	1.59722	-5.47964	0.0306726	-0.0367023	29.973	-0.0640445	-0.00271829	29.9581	-0.608	-0.608	-0.62	-0.62	0.0214266	0.0219954	0.0211286	0.021081	
2600	0.343437	0.445414	0.254986	0.183956	2.6515	2.25351	1.59407	-5.48207	0.0294	-0.036438	29.9732	-0.0641059	-0.00183568	29.9576	-0.608	-0.608	-0.62	-0.62	0.0214477	0.0220216	0.0211647	0.0211	
2700	0.342393	0.444489	0.253857	0.182749	2.64371	2.25024	1.59122	-5.48435	0.0283371	-0.0361147	29.9732	-0.0642354	-0.00107678	29.9572	-0.608	-0.608	-0.62	-0.62	0.0214665	0.0220455	0.0211975	0.0211169	
2800	0.34566	0.44701	0.259884	0.189134	2.60193	2.29984	1.63361	-5.43887	0.0282081	-0.0374722	29.9731	-0.0645313	-0.00149483	29.9572	-0.608	-0.608	-0.62	-0.62	0.021485	0.0220692	0.0212114	0.021135	
2900	0.34489	0.446354	0.259004	0.188168	2.60098	2.30737	1.63936	-5.44059	0.0293615	-0.0388342	29.9728	-0.0649866	-0.00231462	29.9576	-0.608	-0.608	-0.62	-0.62	0.0215029	0.0220926	0.0212158	0.0211534	
3000	0.344186	0.445754	0.258197	0.187285	2.60007	2.31458	1.64479	-5.44216	0.030675	-0.0399302	29.9725	-0.0654393	-0.00304043	29.9578	-0.608	-0.608	-0.62	-0.62	0.0215189	0.0221141	0.0212191	0.0211701	
3100	0.343556	0.445217	0.257471	0.186492	2.59927	2.3214	1.64987	-5.4436	0.031953	-0.0409581	29.9722	-0.0658843	-0.00368707	29.958	-0.608	-0.608	-0.62	-0.62	0.0215333	0.0221339	0.0212216	0.0211851	
3200	0.342991	0.444735	0.256818	0.185779	2.59856	2.32786	1.65462	-5.44493	0.0331613	-0.0419542	29.972	-0.0663178	-0.00426648	29.9581	-0.608	-0.608	-0.62	-0.62	0.0215463	0.0221522	0.0212233	0.0211986	
3300	0.342484	0.444303	0.256229	0.185138	2.59793	2.33396	1.65908	-5.44615	0.0343001	-0.042921	29.9718	-0.0667372	-0.00478847	29.9582	-0.608	-0.608	-0.62	-0.62	0.0215579	0.0221691	0.0212244	0.0212108	
3400	0.34203	0.443915	0.255699	0.184562	2.59737	2.33973	1.66326	-5.44729	0.0353754	-0.0438555	29.9716	-0.0671406	-0.00526107	29.9583	-0.608	-0.608	-0.62	-0.62	0.0215684	0.0221847	0.0212249	0.0212219	
3500	0.341623	0.443567	0.255221	0.184043	2.59689	2.34519	1.66719	-5.44836	0.0363925	-0.044755	29.9714	-0.0675269	-0.00569092	29.9583	-0.608	-0.608	-0.62	-0.62	0.0215777	0.0221991	0.021225	0.0212318	
3600	0.341257	0.443255	0.254791	0.183576	2.59646	2.35034	1.67087	-5.44935	0.0373558	-0.0456183	29.9713	-0.0678956	-0.0060835	29.9583	-0.608	-0.608	-0.62	-0.62	0.0215861	0.0222124	0.0212247	0.0212408	
3700	0.34093	0.442976	0.254403	0.183156	2.59609	2.3552	1.67433	-5.45028	0.0382689	-0.0464447	29.9712	-0.0682463	-0.00644338	29.9582	-0.608	-0.608	-0.62	-0.62	0.0215937	0.0222247	0.0212241	0.021249	
3800	0.340636	0.442725	0.254053	0.182778	2.59577	2.35978	1.67758	-5.45115	0.0391347	-0.0472346	29.9711	-0.0685791	-0.00677437	29.9582	-0.608	-0.608	-0.62	-0.62	0.0216004	0.0222361	0.0212232	0.0212563	
3900	0.340373	0.4425	0.253738	0.182438	2.5955	2.3641	1.68063	-5.45197	0.0399557	-0.0479885	29.971	-0.0688944	-0.00707968	29.9582	-0.608	-0.608	-0.62	-0.62	0.0216065	0.0222467	0.0212221	0.0212629	
4000	0.340137	0.442298	0.253453	0.182131	2.59527	2.36818	1.68349	-5.45274	0.0407341	-0.0487073	29.9709	-0.0691925	-0.00736201	29.9581	-0.608	-0.608	-0.62	-0.62	0.0216119	0.0222564	0.0212208	0.0212689	
4100	0.339925	0.442118	0.253197	0.181855	2.59508	2.37202	1.68619	-5.45346	0.0414722	-0.0493921	29.9708	-0.069474	-0.00762369	29.9581	-0.608	-0.608	-0.62	-0.62	0.0216167	0.0222655	0.0212194	0.0212744	
4200	0.339735	0.441956	0.252965	0.181606	2.59492	2.37564	1.68872	-5.45415	0.0421716	-0.0500438	29.9707	-0.0697396	-0.00786669	29.958	-0.608	-0.608	-0.62	-0.62	0.021621	0.0222738	0.0212178	0.0212793	
4300	0.339565	0.441811	0.252757	0.181382	2.59479	2.37905	1.69109	-5.45479	0.0428344	-0.0506638	29.9706	-0.0699898	-0.00809271	29.958	-0.608	-0.608	-0.62	-0.62	0.0216249	0.0222816	0.0212162	0.0212837	
4400	0.339413	0.441681	0.252568	0.18118	2.59469	2.38226	1.69333	-5.4554	0.0434623	-0.0512531	29.9706	-0.0702255	-0.00830324	29.958	-0.608	-0.608	-0.62	-0.62	0.0216284	0.0222888	0.0212145	0.0212878	
4500	0.339276	0.441564	0.252398	0.180997	2.59461	2.38528	1.69542	-5.45598	0.0440568	-0.0518131	29.9705	-0.0704473	-0.00849959	29.9579	-0.608	-0.608	-0.62	-0.62	0.0216315	0.0222955	0.0212128	0.0212914	
4600	0.334978	0.438121	0.245252	0.173426	2.627	2.33349	1.65045	-5.50371	0.0432856	-0.0500325	29.9708	-0.0704584	-0.00714611	29.9571	-0.608	-0.608	-0.62	-0.62	0.0216317	0.0222988	0.0212342	0.0212899	
4700	0.338943	0.441243	0.252059	0.180665	2.58776	2.37769	1.68887	-5.45739	0.0426976	-0.0507901	29.9709	-0.0705523	-0.00714085	29.9569	-0.608	-0.608	-0.62	-0.62	0.0216332	0.0223033	0.0212374	0.0212913	
4800	0.33886	0.441175	0.251947	0.180542	2.58825	2.381	1.69133	-5.45792	0.0431859	-0.0515625	29.9708	-0.0707657	-0.00750397	29.957	-0.608	-0.608	-0.62	-0.62	0.0216356	0.0223088	0.0212338	0.0212944	
4900	0.338779	0.441109	0.25184	0.180424	2.58869	2.38414	1.69365	-5.45841	0.0438194	-0.0521206	29.9707	-0.0709636	-0.00782548	29.9571	-0.608	-0.608	-0.62	-0.62	0.0216378	0.0223139	0.0212302	0.0212972	
5000	0.338708	0.44105	0.251742	0.180317	2.58912	2.38711	1.69581	-5.45885	0.0444415	-0.0526245	29.9706	-0.0711475	-0.00811176	29.9572	-0.608	-0.608	-0.62	-0.62	0.0216397	0.0223187	0.0212269	0.0212998	
5100	0.338644	0.440998	0.251654	0.180221	2.58952	2.38989	1.69783	-5.45926	0.0450239	-0.0531059	29.9706	-0.0713186	-0.008368	29.9573	-0.608	-0.608	-0.62	-0.62	0.0216415	0.0223231	0.0212237	0.0213021	
5200	0.338586	0.440951	0.251574	0.180134	2.58989	2.3925	1.69972	-5.45964	0.0455659	-0.0535688	29.9705	-0.071478	-0.00859848	29.9573	-0.608	-0.608	-0.62	-0.62	0.021643	0.0223273	0.0212206	0.0213043	
5300	0.338535	0.44091	0.251502	0.180056	2.59025	2.39496	1.70148	-5.45999	0.0460714	-0.0540122	29.9705	-0.0716268	-0.00880675	29.9574	-0.608	-0.608	-0.62	-0.62	0.0216444	0.0223312	0.0212177	0.0213062	
5400	0.334401	0.437624	0.244515	0.172642	2.62578	2.34739	1.65993	-5.50724	0.0460074	-0.053013	29.9706	-0.0716825	-0.00812537	29.957	-0.608	-0.608	-0.62	-0.62	0.0216444	0.0223334	0.0212275	0.0213055	
5500	0.33768	0.440126	0.250609	0.179128	2.58033	2.38792	1.69548	-5.46217	0.0447026	-0.0523179	29.9709	-0.0715781	-0.00727659	29.9564	-0.608003	-0.608	-0.620009	-0.620012	0.021643	0.0223338	0.0212423	0.0213029	
5600	0.33832	0.440694	0.251286	0.179852	2.58454	2.38836	1.6958	-5.4613	0.0448186	-0.0532978	29.9708	-0.071724	-0.00767127	29.9565	-0.608	-0.608	-0.62	-0.62	0.0216442	0.022337	0.0212377	0.0213047	
5700	0.338295	0.440677	0.251242	0.179802	2.58531	2.3911	1.69789	-5.46162	0.0453255	-0.0538219	29.9707	-0.0718652	-0.00800732	29.9567	-0.608	-0.608	-0.62	-0.62	0.0216453	0.0223401	0.0212334	0.0213065	
5800	0.338273	0.440663	0.251203	0.179756	2.58603	2.39366	1.69983	-5.46189	0.0458719	-0.0542467	29.9706	-0.0719951	-0.00830269	29.9568	-0.608	-0.608	-0.62	-0.62	0.0216463	0.022343	0.0212293	0.0213081	
5900	0.338255	0.440651	0.251168	0.179716	2.58671	2.39608	1.70163	-5.46213	0.046389	-0.0546446	29.9706	-0.0721151	-0.00856374	29.9569	-0.608	-0.608	-0.62	-0.62	0.0216472	0.0223457	0.0212255	0.0213096	
6000	0.338238	0.44064	0.251135	0.179679	2.58733	2.39834	1.70331	-5.46235	0.0468681	-0.0550275	29.9705	-0.0722262	-0.00879574	29.957	-0.608	-0.608	-0.62	-0.62	0.021648	0.0223483	0.0212219	0.0213109	
6100	0.338223	0.440631	0.251106	0.179645	2.58791	2.40046	1.70487	-5.46255	0.0473118	-0.0553955	29.9705	-0.0723293	-0.00900299	29.9571	-0.608	-0.608	-0.62	-0.62	0.0216487	0.0223507	0.0212185	0.0213122	
6200	0.334065	0.437317	0.244107	0.172225	2.62215	2.35036	1.66134	-5.50973	0.0467967	-0.0538457	29.9707	-0.0722828	-0.00797189	29.9566	-0.608	-0.608	-0.62	-0.62	0.0216475	0.0223507	0.0212335	0.0213097	
6300	0.337997	0.440401	0.250901	0.179456	2.58131	2.39075	1.69693	-5.4634	0.0456362	-0.053744	29.9709	-0.0721927	-0.00749859	29.9562	-0.608	-0.608	-0.620001	-0.620001	0.0216462	0.0223506	0.0212424	0.0213077	
6400	0.338096	0.440494	0.250994	0.179552	2.58278	2.39296	1.69867	-5.46346	0.045854	-0.0545007	29.9708	-0.0723066	-0.00787434	29.9564	-0.608	-0.608	-0.62	-0.62	0.021647	0.0223527	0.0212376	0.0213091	
6500	0.338095	0.440498	0.250979	0.179531	2.58371	2.39543	1.70058	-5.46365	0.0463359	-0.0549352	29.9707	-0.0724113	-0.00820034	29.9566	-0.608	-0.608	-0.62	-0.62	0.0216477	0.0223547	0.021233	0.0213104	
6600	0.338095	0.440502	0.250965	0.179512	2.58457	2.39774	1.70236	-5.4638	0.0468339	-0.055299	29.9706	-0.0725071	-0.00848592	29.9567	-0.608	-0.608	-0.62	-0.62	0.0216483	0.0223566	0.0212288	0.0213116	
6700	0.338095	0.440507	0.250953	0.179495	2.58537	2.39992	1.70402	-5.46393	0.0473002	-0.0556432	29.9706	-0.0725951	-0.00873751	29.9568	-0.608	-0.608	-0.62	-0.62	0.0216489	0.0223583	0.0212248	0.0213127	
6800	0.338095	0.440511	0.250941	0.17948	2.58612	2.40195	1.70555	-5.46404	0.0477304	-0.0559754	29.9705	-0.0726762	-0.00896039	29.9569	-0.608	-0.608	-0.62	-0.62	0.0216494	0.02236	0.0212211	0.0213138	
6900	0.334651	0.437842	0.244692	0.172851	2.62691	2.35497	1.66459	-5.50979	0.0479924	-0.0555865	29.9705	-0.0727378	-0.00874944	29.9569	-0.607997	-0.608	-0.619991	-0.619988	0.0216494	0.0223612	0.0212232	0.0213138	
7000	0.333914	0.437168	0.243932	0.172059	2.61849	2.34857	1.65936	-5.51132	0.0466559	-0.0538353	29.9709	-0.0725589	-0.00743054	29.9561	-0.608	-0.608	-0.62	-0.62	0.021647	0.0223593	0.0212436	0.0213095	
7100	0.338	0.440402	0.250869	0.179429	2.58113	2.39378	1.69887	-5.46468	0.0462271	-0.0548359	29.9709	-0.0725783	-0.00775082	29.9562	-0.608	-0.608	-0.62	-0.62	0.0216471	0.0223602	0.0212403	0.0213099	
7200	0.338009	0.440416	0.250867	0.17942	2.58218	2.3962	1.70078	-5.46481	0.0466024	-0.055344	29.9708	-0.0726679	-0.00810008	29.9564	-0.608	-0.608	-0.62	-0.62	0.0216476	0.0223616	0.0212355	0.0213111	
7300	0.338018	0.440428	0.250864	0.179412	2.58317	2.39847	1.70257	-5.4649	0.0470772	-0.0556993	29.9707	-0.072749	-0.00840455	29.9565	-0.608	-0.608	-0.62	-0.62	0.0216482	0.022363	0.021231	0.0213122	
7400	0.338026	0.44044	0.250861	0.179405	2.58408	2.40061	1.70422	-5.46497	0.047536	-0.0560204	29.9706	-0.0728229	-0.00867148	29.9567	-0.608	-0.608	-0.62	-0.62	0.0216487	0.0223644	0.0212268	0.0213132	
7500	0.338033	0.440452	0.250858	0.179399	2.58493	2.40261	1.70575	-5.46502	0.04796	-0.0563292	29.9706	-0.0728906	-0.00890681	29.9568	-0.608	-0.608	-0.62	-0.62	0.0216491	0.0223656	0.0212229	0.0213142	
7600	0.338041	0.440462	0.250854	0.179392	2.58572	2.40448	1.70718	-5.46507	0.0483504	-0.0566274	29.9705	-0.0729528	-0.00911544	29.9569	-0.608	-0.608	-0.62	-0.62	0.0216495	0.0223668	0.0212192	0.0213151	
7700	0.333893	0.437156	0.243876	0.171995	2.61958	2.35314	1.66271	-5.51208	0.0476014	-0.0548188	29.9708	-0.0728425	-0.00793684	29.9563	-0.608	-0.608	-0.62	-0.62	0.0216478	0.0223654	0.0212362	0.0213118	
7800	0.337908	0.440316	0.250757	0.179317	2.57975	2.39407	1.6988	-5.46554	0.0465099	-0.0549024	29.9709	-0.0727417	-0.00761891	29.956	-0.608	-0.608	-0.62	-0.62	0.0216466	0.0223646	0.0212427	0.02131	
7900	0.337966	0.440373	0.250809	0.179366	2.58109	2.3963	1.7006	-5.46557	0.0467307	-0.0555497	29.9708	-0.0728221	-0.00798981	29.9562	-0.608	-0.608	-0.62	-0.62	0.0216471	0.0223658	0.0212376	0.0213111	
8000	0.337979	0.44039	0.250811	0.179363	2.58216	2.39858	1.70241	-5.46562	0.0471763	-0.0559191	29.9708	-0.0728948	-0.00831154	29.9564	-0.608	-0.608	-0.62	-0.62	0.0216477	0.0223669	0.0212329	0.0213122	
8100	0.337992	0.440406	0.250813	0.179361	2.58316	2.40071	1.70408	-5.46565	0.0476314	-0.0562293	29.9707	-0.0729605	-0.0085927	29.9566	-0.608	-0.608	-0.62	-0.62	0.0216482	0.0223679	0.0212286	0.0213132	
8200	0.338003	0.44042	0.250815	0.179359	2.58408	2.40271	1.70563	-5.46567	0.0480554	-0.0565241	29.9706	-0.0730203	-0.00883978	29.9567	-0.608	-0.608	-0.62	-0.62	0.0216486	0.022369	0.0212245	0.0213141	
8300	0.338013	0.440434	0.250816	0.179356	2.58493	2.40458	1.70707	-5.46568	0.048445	-0.0568095	29.9706	-0.073075	-0.00905815	29.9568	-0.608	-0.608	-0.62	-0.62	0.021649	0.0223699	0.0212206	0.021315	
8400	0.33395	0.437212	0.243911	0.172029	2.6211	2.35676	1.66542	-5.51248	0.0482985	-0.0557058	29.9707	-0.0730471	-0.00841218	29.9566	-0.608	-0.608	-0.62	-0.619999	0.0216483	0.0223695	0.0212293	0.0213135	
8500	0.336889	0.439411	0.249655	0.178138	2.57306	2.39711	1.70099	-5.46857	0.0468393	-0.0547127	29.971	-0.0728493	-0.00747424	29.9559	-0.608005	-0.607999	-0.620019	-0.620022	0.021646	0.0223673	0.0212447	0.0213098	
8600	0.337945	0.440349	0.250778	0.179339	2.5803	2.39609	1.70026	-5.46606	0.0467988	-0.0556186	29.9709	-0.0729133	-0.00788005	29.9561	-0.608	-0.608	-0.62	-0.62	0.0216465	0.0223682	0.0212394	0.0213109	
8700	0.337959	0.440368	0.250783	0.179339	2.58143	2.39838	1.70209	-5.46609	0.0471982	-0.0560288	29.9708	-0.0729814	-0.00821772	29.9564	-0.608	-0.608	-0.62	-0.62	0.0216471	0.0223692	0.0212346	0.0213119	
8800	0.337974	0.440386	0.250788	0.179339	2.58248	2.40052	1.70379	-5.4661	0.047649	-0.0563382	29.9707	-0.0730426	-0.0085121	29.9565	-0.608	-0.608	-0.62	-0.62	0.0216476	0.0223701	0.0212301	0.021313	
8900	0.337987	0.440403	0.250792	0.179339	2.58345	2.40253	1.70537	-5.4661	0.0480758	-0.056625	29.9707	-0.0730979	-0.00877018	29.9567	-0.608	-0.608	-0.62	-0.62	0.0216481	0.0223709	0.0212259	0.0213139	
9000	0.337999	0.440419	0.250795	0.179339	2.58435	2.40442	1.70683	-5.46608	0.0484682	-0.0569025	29.9706	-0.0731483	-0.00899772	29.9568	-0.608	-0.608	-0.62	-0.62	0.0216485	0.0223718	0.0212219	0.0213148	
9100	0.334946	0.438099	0.24496	0.17315	2.6283	2.35684	1.66542	-5.51031	0.0487449	-0.0566063	29.9706	-0.0731901	-0.00887581	29.9568	-0.607995	-0.608001	-0.619981	-0.619978	0.0216486	0.0223723	0.0212226	0.021315	
9200	0.333842	0.437099	0.243815	0.171945	2.61729	2.3513	1.66092	-5.51308	0.0474203	-0.0547463	29.9709	-0.0729868	-0.00754269	29.956	-0.608	-0.608	-0.62	-0.62	0.0216462	0.0223697	0.0212429	0.0213105	
9300	0.33793	0.440334	0.250759	0.179324	2.57968	2.39569	1.69982	-5.46637	0.0468463	-0.0555778	29.9709	-0.0729644	-0.00776866	29.9561	-0.608	-0.608	-0.62	-0.62	0.021646	0.0223697	0.0212411	0.0213105	
9400	0.337948	0.440355	0.250768	0.179326	2.58085	2.398	1.70169	-5.4664	0.0471733	-0.056062	29.9708	-0.0730304	-0.00812193	29.9563	-0.608	-0.608	-0.62	-0.62	0.0216466	0.0223705	0.0212361	0.0213116	
9500	0.337963	0.440375	0.250774	0.179328	2.58194	2.40017	1.70342	-5.4664	0.047616	-0.0563806	29.9708	-0.0730894	-0.00842926	29.9565	-0.608	-0.608	-0.62	-0.62	0.0216471	0.0223713	0.0212315	0.0213127	
9600	0.337978	0.440393	0.250779	0.179329	2.58296	2.4022	1.70502	-5.46638	0.0480469	-0.0566641	29.9707	-0.0731424	-0.00869816	29.9566	-0.608	-0.608	-0.62	-0.62	0.0216476	0.0223721	0.0212272	0.0213136	
9700	0.337991	0.440409	0.250784	0.179329	2.5839	2.40411	1.70651	-5.46635	0.0484447	-0.0569371	29.9706	-0.0731905	-0.00893476	29.9567	-0.608	-0.608	-0.62	-0.62	0.021648	0.0223729	0.0212231	0.0213146	
9800	0.338003	0.440424	0.250787	0.17933	2.58477	2.4059	1.7079	-5.46631	0.0488099	-0.0572015	29.9706	-0.0732343	-0.00914409	29.9568	-0.608	-0.608	-0.62	-0.62	0.0216485	0.0223736	0.0212194	0.0213154	
9900	0.333858	0.437119	0.243814	0.171938	2.61855	2.35417	1.66314	-5.51324	0.047981	-0.0553047	29.9708	-0.073099	-0.00792194	29.9562	-0.608	-0.608	-0.62	-0.62	0.0216466	0.0223717	0.021237	0.0213119	
10000	0.33789	0.440296	0.250714	0.179279	2.57901	2.39531	1.69943	-5.46662	0.04691	-0.0554357	29.971	-0.0729905	-0.00765502	29.956	-0.608	-0.608	-0.62	-0.62	0.0216455	0.0223705	0.0212426	0.0213102	
10100	0.337941	0.440346	0.250759	0.17932	2.58037	2.39751	1.70123	-5.4666	0.0471238	-0.0560389	29.9709	-0.0730556	-0.00802432	29.9562	-0.608	-0.608	-0.62	-0.62	0.0216461	0.0223713	0.0212376	0.0213113	
10200	0.337957	0.440366	0.250766	0.179322	2.5815	2.39971	1.70299	-5.46659	0.0475509	-0.0563785	29.9708	-0.0731138	-0.00834462	29.9564	-0.608	-0.608	-0.62	-0.62	0.0216467	0.022372	0.0212328	0.0213123	
10300	0.337972	0.440385	0.250772	0.179323	2.58254	2.40177	1.70463	-5.46656	0.047986	-0.0566629	29.9707	-0.073166	-0.00862435	29.9566	-0.608	-0.608	-0.62	-0.62	0.0216472	0.0223728	0.0212284	0.0213133	
10400	0.337985	0.440402	0.250777	0.179325	2.58351	2.40371	1.70615	-5.46652	0.0483905	-0.0569338	29.9707	-0.0732131	-0.00887004	29.9567	-0.608	-0.608	-0.62	-0.62	0.0216477	0.0223735	0.0212243	0.0213143	
10500	0.337998	0.440418	0.250781	0.179326	2.58441	2.40552	1.70756	-5.46648	0.0487617	-0.0571965	29.9706	-0.0732559	-0.00908704	29.9568	-0.608	-0.608	-0.62	-0.62	0.0216481	0.0223742	0.0212205	0.0213151	
10600	0.333898	0.437161	0.243842	0.171962	2.61996	2.35682	1.66521	-5.51329	0.048452	-0.0558747	29.9707	-0.0731936	-0.00830219	29.9565	-0.608	-0.608	-0.62	-0.62	0.0216471	0.0223732	0.0212312	0.0213131	
10700	0.33745	0.439907	0.250239	0.178769	2.57641	2.39637	1.70018	-5.46751	0.0470374	-0.0551721	29.971	-0.0730049	-0.00753242	29.9559	-0.608002	-0.608	-0.620006	-0.620008	0.0216452	0.022371	0.0212442	0.0213099	
10800	0.337935	0.440339	0.250753	0.179317	2.57994	2.39695	1.70073	-5.46672	0.0470675	-0.0559691	29.9709	-0.0730654	-0.00792421	29.9561	-0.608	-0.608	-0.62	-0.62	0.0216457	0.0223717	0.021239	0.021311	
10900	0.337951	0.440359	0.25076	0.179318	2.5811	2.39919	1.70254	-5.46672	0.0474661	-0.0563456	29.9708	-0.0731239	-0.00825774	29.9563	-0.608	-0.608	-0.62	-0.62	0.0216463	0.0223724	0.0212342	0.021312	
11000	0.337967	0.440379	0.250767	0.17932	2.58218	2.40129	1.70421	-5.46668	0.0479038	-0.0566352	29.9708	-0.0731761	-0.00854854	29.9565	-0.608	-0.608	-0.62	-0.62	0.0216468	0.0223731	0.0212297	0.021313	
11100	0.337981	0.440396	0.250773	0.179322	2.58317	2.40325	1.70576	-5.46664	0.0483158	-0.0569058	29.9707	-0.0732231	-0.00880351	29.9566	-0.608	-0.608	-0.62	-0.62	0.0216473	0.0223738	0.0212255	0.021314	
11200	0.337994	0.440413	0.250778	0.179323	2.5841	2.4051	1.7072	-5.46659	0.0486941	-0.0571681	29.9706	-0.0732656	-0.00902833	29.9568	-0.608	-0.608	-0.62	-0.62	0.0216478	0.0223744	0.0212215	0.0213149	
11300	0.334247	0.437475	0.244205	0.172347	2.62299	2.35825	1.66637	-5.51277	0.0488233	-0.0565246	29.9706	-0.0732758	-0.00870279	29.9567	-0.607999	-0.608	-0.619995	-0.619995	0.0216477	0.0223744	0.0212252	0.0213144	
11400	0.333831	0.437084	0.243797	0.171932	2.61643	2.35066	1.66027	-5.51356	0.0473828	-0.0547844	29.971	-0.0730609	-0.00740223	29.9559	-0.608	-0.608	-0.62	-0.62	0.0216452	0.0223717	0.0212453	0.02131	
11500	0.33793	0.440332	0.250748	0.179314	2.57955	2.39635	1.70022	-5.4668	0.0470215	-0.0558513	29.971	-0.0730651	-0.00781981	29.9561	-0.608	-0.608	-0.62	-0.62	0.0216454	0.0223719	0.0212405	0.0213106	
11600	0.337947	0.440353	0.250756	0.179316	2.58073	2.39862	1.70206	-5.4668	0.0473696	-0.0562886	29.9709	-0.0731245	-0.00816719	29.9563	-0.608	-0.608	-0.62	-0.62	0.021646	0.0223726	0.0212355	0.0213117	
11700	0.337962	0.440373	0.250763	0.179318	2.58183	2.40076	1.70376	-5.46677	0.0478061	-0.0565893	29.9708	-0.0731774	-0.00846957	29.9565	-0.608	-0.608	-0.62	-0.62	0.0216466	0.0223733	0.0212309	0.0213127	
11800	0.337977	0.440391	0.250769	0.17932	2.58286	2.40276	1.70535	-5.46672	0.0482259	-0.0568612	29.9707	-0.0732248	-0.00873426	29.9566	-0.608	-0.608	-0.62	-0.62	0.0216471	0.0223739	0.0212266	0.0213137	
11900	0.33799	0.440408	0.250775	0.179322	2.5838	2.40463	1.70681	-5.46667	0.0486124	-0.0571239	29.9707	-0.0732677	-0.00896726	29.9567	-0.608	-0.608	-0.62	-0.62	0.0216476	0.0223746	0.0212226	0.0213146	
12000	0.338003	0.440423	0.250779	0.179323	2.58468	2.40639	1.70818	-5.46662	0.0489672	-0.0573784	29.9706	-0.0733066	-0.0091735	29.9568	-0.608	-0.608	-0.62	-0.62	0.021648	0.0223752	0.0212189	0.0213155	
12100	0.333848	0.437106	0.243802	0.171931	2.61775	2.35327	1.66232	-5.51355	0.0478829	-0.0552356	29.9709	-0.0731342	-0.00776104	29.9561	-0.608	-0.608	-0.62	-0.62	0.0216458	0.0223727	0.0212396	0.0213112	
12200	0.337915	0.440317	0.250734	0.179301	2.57912	2.39576	1.69971	-5.46686	0.0470067	-0.0556755	29.971	-0.0730581	-0.00771045	29.956	-0.608	-0.608	-0.62	-0.62	0.0216451	0.0223719	0.0212419	0.0213103	
12300	0.337942	0.440347	0.250753	0.179315	2.58037	2.39802	1.70156	-5.46685	0.0472694	-0.0562102	29.9709	-0.0731188	-0.00807257	29.9562	-0.608	-0.608	-0.62	-0.62	0.0216457	0.0223726	0.0212369	0.0213114	
12400	0.337958	0.440367	0.25076	0.179317	2.5815	2.40019	1.7033	-5.46683	0.0476979	-0.0565301	29.9708	-0.0731728	-0.00838714	29.9564	-0.608	-0.608	-0.62	-0.62	0.0216463	0.0223733	0.0212322	0.0213124	
12500	0.337973	0.440386	0.250767	0.179319	2.58255	2.40223	1.70492	-5.46678	0.0481249	-0.0568053	29.9707	-0.0732211	-0.00866204	29.9566	-0.608	-0.608	-0.62	-0.62	0.0216468	0.022374	0.0212278	0.0213134	
12600	0.337987	0.440403	0.250772	0.179321	2.58352	2.40414	1.70642	-5.46673	0.0485202	-0.057069	29.9707	-0.0732646	-0.00890364	29.9567	-0.608	-0.608	-0.62	-0.62	0.0216473	0.0223746	0.0212238	0.0213143	
12700	0.337999	0.440419	0.250777	0.179322	2.58441	2.40592	1.70781	-5.46667	0.0488829	-0.0573248	29.9706	-0.0733041	-0.00911715	29.9568	-0.608	-0.608	-0.62	-0.62	0.0216478	0.0223752	0.02122	0.0213152	
12800	0.33387	0.437133	0.243814	0.171937	2.61909	2.35577	1.66431	-5.51353	0.0483243	-0.0557085	29.9708	-0.0732028	-0.00811913	29.9563	-0.608	-0.608	-0.62	-0.62	0.0216464	0.0223737	0.0212341	0.0213125	
12900	0.337787	0.440203	0.250597	0.179156	2.57815	2.3956	1.69954	-5.46709	0.0470479	-0.0554271	29.971	-0.0730482	-0.00759676	29.9559	-0.608	-0.608	-0.620001	-0.620002	0.0216449	0.0223719	0.0212434	0.02131	
13000	0.337937	0.440341	0.25075	0.179314	2.58002	2.39741	1.70105	-5.46689	0.0471747	-0.0561109	29.9709	-0.0731092	-0.00797576	29.9562	-0.608	-0.608	-0.62	-0.62	0.0216455	0.0223726	0.0212383	0.0213111	
13100	0.337954	0.440362	0.250758	0.179316	2.58117	2.39961	1.70283	-5.46687	0.0475847	-0.0564612	29.9708	-0.0731646	-0.00830286	29.9564	-0.608	-0.608	-0.62	-0.62	0.0216461	0.0223733	0.0212335	0.0213121	
13200	0.337969	0.440381	0.250765	0.179318	2.58224	2.40168	1.70448	-5.46682	0.0480173	-0.0567422	29.9708	-0.073214	-0.00858826	29.9565	-0.608	-0.608	-0.62	-0.62	0.0216466	0.0223739	0.021229	0.0213131	
13300	0.337983	0.440398	0.25077	0.17932	2.58324	2.40363	1.70601	-5.46677	0.0484216	-0.0570075	29.9707	-0.0732584	-0.00883868	29.9567	-0.608	-0.608	-0.62	-0.62	0.0216471	0.0223745	0.0212249	0.0213141	
13400	0.337996	0.440415	0.250775	0.179321	2.58415	2.40545	1.70743	-5.46671	0.0487926	-0.057265	29.9706	-0.0732986	-0.00905965	29.9568	-0.608	-0.608	-0.62	-0.62	0.0216476	0.0223751	0.021221	0.021315	
13500	0.333973	0.43723	0.243912	0.172037	2.62085	2.35799	1.66608	-5.51337	0.0487051	-0.0562492	29.9707	-0.0732698	-0.00849305	29.9566	-0.608	-0.608	-0.619999	-0.619999	0.0216471	0.0223746	0.0212284	0.0213137	
13600	0.336315	0.438888	0.248961	0.177419	2.56787	2.39682	1.70057	-5.47133	0.0472101	-0.0550417	29.971	-0.0730524	-0.00745955	29.9559	-0.608011	-0.608	-0.620016	-0.620024	0.0216448	0.0223719	0.0212451	0.0213098	
13700	0.337933	0.440336	0.250747	0.179313	2.57967	2.39677	1.70052	-5.46691	0.0470946	-0.0559853	29.9709	-0.0730968	-0.00787547	29.9561	-0.608	-0.608	-0.62	-0.62	0.0216453	0.0223725	0.0212397	0.0213108	
13800	0.337949	0.440356	0.250755	0.179315	2.58084	2.39902	1.70234	-5.46689	0.0474694	-0.0563836	29.9709	-0.0731538	-0.00821567	29.9563	-0.608	-0.608	-0.62	-0.62	0.0216459	0.0223732	0.0212348	0.0213118	
13900	0.337965	0.440376	0.250762	0.179317	2.58194	2.40113	1.70403	-5.46686	0.0479044	-0.0566741	29.9708	-0.0732045	-0.00851203	29.9565	-0.608	-0.608	-0.62	-0.62	0.0216465	0.0223738	0.0212303	0.0213129	
14000	0.337979	0.440394	0.250769	0.179319	2.58295	2.4031	1.70559	-5.4668	0.0483176	-0.0569417	29.9707	-0.07325	-0.00877167	29.9566	-0.608	-0.608	-0.62	-0.62	0.021647	0.0223744	0.021226	0.0213138	
14100	0.337993	0.44041	0.250774	0.179321	2.58389	2.40496	1.70704	-5.46675	0.0486973	-0.0572009	29.9707	-0.0732911	-0.0090004	29.9567	-0.608	-0.608	-0.62	-0.62	0.0216475	0.022375	0.0212221	0.0213147	
14200	0.335032	0.438174	0.245059	0.173258	2.62831	2.35762	1.66584	-5.51101	0.048971	-0.0569174	29.9706	-0.0733255	-0.00889607	29.9568	-0.607993	-0.608	-0.619984	-0.619979	0.0216477	0.0223754	0.0212225	0.0213149	
14300	0.333839	0.437094	0.243797	0.17193	2.61696	2.35188	1.6612	-5.51366	0.0476452	-0.0550283	29.9709	-0.0731152	-0.00756097	29.956	-0.608	-0.608	-0.62	-0.62	0.0216453	0.0223726	0.0212428	0.0213105	
14400	0.337926	0.440328	0.250743	0.17931	2.57931	2.39613	1.7	-5.46692	0.0470419	-0.0558232	29.971	-0.0730823	-0.00777118	29.956	-0.608	-0.608	-0.62	-0.62	0.0216451	0.0223724	0.0212411	0.0213104	
14500	0.337945	0.440351	0.250753	0.179314	2.58051	2.39841	1.70185	-5.46691	0.0473553	-0.0562962	29.9709	-0.0731411	-0.00812516	29.9563	-0.608	-0.608	-0.62	-0.62	0.0216457	0.022373	0.0212362	0.0213115	
14600	0.337961	0.44037	0.25076	0.179317	2.58163	2.40056	1.70357	-5.46688	0.0477875	-0.0566019	29.9708	-0.0731933	-0.00843303	29.9564	-0.608	-0.608	-0.62	-0.62	0.0216463	0.0223737	0.0212315	0.0213126	
14700	0.337976	0.440389	0.250767	0.179319	2.58267	2.40257	1.70517	-5.46683	0.0482091	-0.0568729	29.9707	-0.07324	-0.00870231	29.9566	-0.608	-0.608	-0.62	-0.62	0.0216468	0.0223743	0.0212272	0.0213135	
14800	0.337989	0.440406	0.250772	0.17932	2.58363	2.40445	1.70665	-5.46677	0.0485979	-0.0571338	29.9707	-0.0732821	-0.00893919	29.9567	-0.608	-0.608	-0.62	-0.62	0.0216473	0.0223749	0.0212231	0.0213145	
14900	0.338002	0.440421	0.250777	0.179322	2.58452	2.40622	1.70803	-5.46671	0.0489547	-0.0573869	29.9706	-0.0733203	-0.0091487	29.9568	-0.608	-0.608	-0.62	-0.62	0.0216478	0.0223755	0.0212194	0.0213153	
15000	0.333856	0.437116	0.243804	0.171931	2.61827	2.35437	1.66318	-5.51361	0.0480992	-0.0554609	29.9709	-0.0731773	-0.00791209	29.9562	-0.608	-0.608	-0.62	-0.62	0.0216459	0.0223734	0.0212373	0.0213117	
15100	0.337892	0.440296	0.250709	0.179275	2.57882	2.39559	1.69954	-5.46697	0.0470354	-0.0556073	29.971	-0.0730666	-0.0076622	29.956	-0.608	-0.608	-0.62	-0.62	0.0216449	0.0223722	0.0212426	0.0213101	
15200	0.33794	0.440345	0.250751	0.179314	2.58018	2.39779	1.70134	-5.46693	0.0472469	-0.056196	29.9709	-0.073127	-0.00803108	29.9562	-0.608	-0.608	-0.62	-0.62	0.0216455	0.0223729	0.0212375	0.0213112	
15300	0.337956	0.440365	0.250758	0.179316	2.58133	2.39997	1.7031	-5.4669	0.047668	-0.0565257	29.9708	-0.0731809	-0.00835104	29.9564	-0.608	-0.608	-0.62	-0.62	0.0216461	0.0223735	0.0212328	0.0213123	
15400	0.337972	0.440384	0.250765	0.179318	2.58239	2.40202	1.70473	-5.46685	0.0480967	-0.0568016	29.9707	-0.0732289	-0.00863045	29.9566	-0.608	-0.608	-0.62	-0.62	0.0216466	0.0223742	0.0212284	0.0213133	
15500	0.337986	0.440401	0.250771	0.17932	2.58337	2.40394	1.70625	-5.4668	0.0484949	-0.0570646	29.9707	-0.0732722	-0.00887585	29.9567	-0.608	-0.608	-0.62	-0.62	0.0216471	0.0223748	0.0212242	0.0213142	
15600	0.337998	0.440417	0.250776	0.179321	2.58428	2.40574	1.70765	-5.46674	0.0488601	-0.0573199	29.9706	-0.0733113	-0.00909257	29.9568	-0.608	-0.608	-0.62	-0.62	0.0216476	0.0223754	0.0212204	0.0213151	
15700	0.333892	0.437155	0.243831	0.171953	2.6197	2.35683	1.66514	-5.51354	0.0485113	-0.0559486	29.9708	-0.0732405	-0.00827716	29.9564	-0.608	-0.608	-0.62	-0.62	0.0216466	0.0223743	0.0212316	0.021313	
15800	0.337527	0.439974	0.250317	0.178855	2.5767	2.39631	1.70006	-5.46759	0.0471089	-0.0553041	29.971	-0.0730536	-0.00754361	29.9559	-0.608002	-0.608	-0.620005	-0.620006	0.0216447	0.0223721	0.0212441	0.0213098	
15900	0.337936	0.440339	0.250748	0.179313	2.57985	2.39715	1.70083	-5.46693	0.0471508	-0.0560775	29.9709	-0.0731118	-0.00793322	29.9561	-0.608	-0.608	-0.62	-0.62	0.0216453	0.0223727	0.0212389	0.0213109	
16000	0.337952	0.440359	0.250756	0.179315	2.58101	2.39938	1.70262	-5.46691	0.0475475	-0.0564449	29.9708	-0.0731674	-0.00826588	29.9563	-0.608	-0.608	-0.62	-0.62	0.0216459	0.0223734	0.0212341	0.021312	
16100	0.337968	0.440379	0.250763	0.179317	2.5821	2.40146	1.70429	-5.46687	0.0479809	-0.0567285	29.9708	-0.0732169	-0.00855594	29.9565	-0.608	-0.608	-0.62	-0.62	0.0216465	0.022374	0.0212296	0.021313	
16200	0.337982	0.440397	0.250769	0.179319	2.5831	2.40342	1.70583	-5.46682	0.0483884	-0.0569938	29.9707	-0.0732614	-0.00881027	29.9566	-0.608	-0.608	-0.62	-0.62	0.021647	0.0223746	0.0212254	0.021314	
16300	0.337995	0.440413	0.250774	0.179321	2.58403	2.40525	1.70727	-5.46676	0.0487625	-0.0572512	29.9706	-0.0733015	-0.00903454	29.9568	-0.608	-0.608	-0.62	-0.62	0.0216475	0.0223752	0.0212215	0.0213148	
16400	0.334161	0.437398	0.24411	0.172247	2.62232	2.3584	1.66642	-5.51308	0.0488487	-0.0565259	29.9707	-0.0733025	-0.0086601	29.9566	-0.607999	-0.608	-0.619997	-0.619996	0.0216473	0.0223751	0.0212259	0.0213142	
16500	0.33383	0.437082	0.243794	0.17193	2.61621	2.35049	1.66008	-5.51371	0.0473835	-0.0548094	29.971	-0.0730854	-0.0073663	29.9559	-0.608	-0.608	-0.62	-0.62	0.0216448	0.0223722	0.0212459	0.0213098	
16600	0.337931	0.440333	0.250746	0.179312	2.57951	2.39651	1.7003	-5.46694	0.0470763	-0.0559321	29.971	-0.0730957	-0.00783137	29.9561	-0.608	-0.608	-0.62	-0.62	0.0216451	0.0223725	0.0212403	0.0213106	
16700	0.337948	0.440354	0.250754	0.179315	2.58069	2.39877	1.70213	-5.46693	0.0474281	-0.0563579	29.9709	-0.0731532	-0.00817739	29.9563	-0.608	-0.608	-0.62	-0.62	0.0216458	0.0223732	0.0212354	0.0213117	
16800	0.337963	0.440374	0.250761	0.179317	2.5818	2.40089	1.70384	-5.46689	0.0478623	-0.0566534	29.9708	-0.0732042	-0.00847862	29.9565	-0.608	-0.608	-0.62	-0.62	0.0216463	0.0223738	0.0212308	0.0213127	
16900	0.337978	0.440392	0.250768	0.179319	2.58282	2.40289	1.70541	-5.46684	0.0482787	-0.0569217	29.9707	-0.07325	-0.00874234	29.9566	-0.608	-0.608	-0.62	-0.62	0.0216468	0.0223745	0.0212265	0.0213137	
17000	0.337991	0.440408	0.250773	0.17932	2.58377	2.40475	1.70688	-5.46678	0.048662	-0.0571811	29.9707	-0.0732912	-0.00897452	29.9567	-0.608	-0.608	-0.62	-0.62	0.0216473	0.0223751	0.0212225	0.0213146	
17100	0.337082	0.440044	0.247849	0.176093	2.64824	2.41758	1.7095	-5.50465	0.0490117	-0.057296	29.9706	-0.0733284	-0.00908515	29.9568	-0.607998	-0.608025	-0.620345	-0.620275	0.0216478	0.0223756	0.0212197	0.0213153	
17200	0.333846	0.437103	0.243799	0.17193	2.61751	2.35296	1.66204	-5.51366	0.0478495	-0.0552161	29.9709	-0.073145	-0.00770992	29.9561	-0.608	-0.608	-0.62	-0.62	0.0216455	0.022373	0.0212404	0.021311	
17300	0.337919	0.440321	0.250736	0.179304	2.57913	2.39588	1.69978	-5.46695	0.0470377	-0.0557458	29.971	-0.0730788	-0.00772523	29.956	-0.608	-0.608	-0.62	-0.62	0.021645	0.0223724	0.0212418	0.0213103	
17400	0.337943	0.440348	0.250752	0.179314	2.58037	2.39815	1.70163	-5.46694	0.0473131	-0.0562619	29.9709	-0.0731382	-0.00808539	29.9562	-0.608	-0.608	-0.62	-0.62	0.0216456	0.022373	0.0212367	0.0213114	
17500	0.337959	0.440368	0.250759	0.179316	2.5815	2.40031	1.70337	-5.4669	0.0477416	-0.0565762	29.9708	-0.0731909	-0.00839837	29.9564	-0.608	-0.608	-0.62	-0.62	0.0216462	0.0223737	0.0212321	0.0213124	
17600	0.337974	0.440387	0.250766	0.179318	2.58254	2.40234	1.70498	-5.46685	0.0481661	-0.0568486	29.9707	-0.073238	-0.00867193	29.9566	-0.608	-0.608	-0.62	-0.62	0.0216467	0.0223743	0.0212277	0.0213134	
17700	0.337988	0.440404	0.250772	0.17932	2.58352	2.40424	1.70648	-5.4668	0.0485587	-0.0571101	29.9707	-0.0732804	-0.00891241	29.9567	-0.608	-0.608	-0.62	-0.62	0.0216472	0.0223749	0.0212236	0.0213144	
17800	0.338	0.44042	0.250776	0.179321	2.58441	2.40602	1.70787	-5.46673	0.0489188	-0.0573638	29.9706	-0.0733189	-0.00912497	29.9568	-0.608	-0.608	-0.62	-0.62	0.0216477	0.0223755	0.0212198	0.0213152	
17900	0.333866	0.437128	0.24381	0.171934	2.61885	2.35545	1.66403	-5.5136	0.0482864	-0.0556667	29.9708	-0.0732064	-0.00806686	29.9563	-0.608	-0.608	-0.62	-0.62	0.0216462	0.0223738	0.0212349	0.0213123	
18000	0.337828	0.440239	0.25064	0.179203	2.57837	2.39556	1.6995	-5.46708	0.0470578	-0.055496	29.971	-0.0730621	-0.00761346	29.9559	-0.608	-0.608	-0.620001	-0.620001	0.0216448	0.0223722	0.0212432	0.02131	
18100	0.337938	0.440342	0.25075	0.179314	2.58004	2.39752	1.70112	-5.46694	0.0472073	-0.0561523	29.9709	-0.0731225	-0.00798971	29.9562	-0.608	-0.608	-0.62	-0.62	0.0216454	0.0223728	0.0212381	0.0213111	
18200	0.337955	0.440363	0.250757	0.179316	2.58119	2.39972	1.7029	-5.46692	0.0476197	-0.0564959	29.9708	-0.073177	-0.00831503	29.9564	-0.608	-0.608	-0.62	-0.62	0.021646	0.0223735	0.0212333	0.0213122	
18300	0.33797	0.440382	0.250764	0.179318	2.58226	2.40179	1.70454	-5.46687	0.0480506	-0.0567745	29.9708	-0.0732256	-0.00859894	29.9565	-0.608	-0.608	-0.62	-0.62	0.0216465	0.0223741	0.0212289	0.0213132	
18400	0.337984	0.440399	0.25077	0.17932	2.58325	2.40372	1.70607	-5.46681	0.0484526	-0.0570382	29.9707	-0.0732692	-0.00884811	29.9567	-0.608	-0.608	-0.62	-0.62	0.0216471	0.0223747	0.0212247	0.0213141	
18500	0.337997	0.440415	0.250775	0.179321	2.58417	2.40554	1.70749	-5.46675	0.0488214	-0.0572941	29.9706	-0.0733087	-0.00906802	29.9568	-0.608	-0.608	-0.62	-0.62	0.0216475	0.0223753	0.0212208	0.021315	
18600	0.333943	0.437202	0.24388	0.172003	2.62049	2.35776	1.66588	-5.51346	0.0486706	-0.0561853	29.9707	-0.073269	-0.00843857	29.9565	-0.608	-0.608	-0.619999	-0.619999	0.0216469	0.0223746	0.0212292	0.0213135	
18700	0.336786	0.439316	0.249504	0.177987	2.57206	2.39779	1.70123	-5.46943	0.0471875	-0.0551294	29.971	-0.0730563	-0.00748276	29.9559	-0.608007	-0.608	-0.620016	-0.620021	0.0216447	0.0223721	0.0212449	0.0213097	
18800	0.337934	0.440337	0.250747	0.179313	2.5797	2.39688	1.7006	-5.46694	0.0471178	-0.0560221	29.9709	-0.0731062	-0.00789015	29.9561	-0.608	-0.608	-0.62	-0.62	0.0216452	0.0223727	0.0212395	0.0213108	
18900	0.33795	0.440357	0.250755	0.179315	2.58087	2.39912	1.70242	-5.46693	0.0474982	-0.0564112	29.9708	-0.0731625	-0.00822844	29.9563	-0.608	-0.608	-0.62	-0.62	0.0216458	0.0223733	0.0212346	0.0213119	
19000	0.337966	0.440377	0.250762	0.179317	2.58197	2.40122	1.7041	-5.46688	0.0479324	-0.0566991	29.9708	-0.0732126	-0.00852322	29.9565	-0.608	-0.608	-0.62	-0.62	0.0216464	0.022374	0.0212301	0.0213129	
19100	0.33798	0.440395	0.250768	0.179319	2.58298	2.40319	1.70565	-5.46683	0.0483437	-0.0569655	29.9707	-0.0732576	-0.00878152	29.9566	-0.608	-0.608	-0.62	-0.62	0.0216469	0.0223746	0.0212259	0.0213138	
19200	0.337993	0.440411	0.250774	0.179321	2.58392	2.40504	1.7071	-5.46677	0.0487216	-0.0572236	29.9707	-0.0732981	-0.00900913	29.9567	-0.608	-0.608	-0.62	-0.62	0.0216474	0.0223752	0.0212219	0.0213147	
19300	0.334693	0.43787	0.244683	0.172859	2.62579	2.35779	1.66597	-5.51201	0.0489546	-0.0568215	29.9706	-0.0733254	-0.00883506	29.9567	-0.607996	-0.608	-0.619989	-0.619986	0.0216475	0.0223754	0.0212233	0.0213147	
19400	0.333837	0.437091	0.243796	0.17193	2.61676	2.35154	1.66092	-5.51369	0.0475873	-0.0549815	29.971	-0.0731116	-0.00751204	29.956	-0.608	-0.608	-0.62	-0.62	0.0216451	0.0223726	0.0212436	0.0213103	
19500	0.337928	0.440329	0.250743	0.179311	2.57935	2.39623	1.70007	-5.46694	0.0470558	-0.0558602	29.971	-0.0730893	-0.00778649	29.956	-0.608	-0.608	-0.62	-0.62	0.0216451	0.0223725	0.0212409	0.0213105	
19600	0.337946	0.440351	0.250753	0.179314	2.58055	2.39851	1.70192	-5.46693	0.0473795	-0.0563198	29.9709	-0.0731476	-0.00813845	29.9563	-0.608	-0.608	-0.62	-0.62	0.0216457	0.0223731	0.021236	0.0213116	
19700	0.337962	0.440371	0.25076	0.179317	2.58167	2.40065	1.70364	-5.4669	0.0478121	-0.0566223	29.9708	-0.0731993	-0.00844464	29.9564	-0.608	-0.608	-0.62	-0.62	0.0216462	0.0223738	0.0212313	0.0213126	
19800	0.337976	0.44039	0.250767	0.179319	2.5827	2.40265	1.70523	-5.46685	0.0482321	-0.0568921	29.9707	-0.0732456	-0.00871252	29.9566	-0.608	-0.608	-0.62	-0.62	0.0216468	0.0223744	0.021227	0.0213136	
19900	0.33799	0.440407	0.250772	0.17932	2.58366	2.40453	1.70671	-5.46679	0.0486192	-0.0571523	29.9707	-0.0732873	-0.0089482	29.9567	-0.608	-0.608	-0.62	-0.62	0.0216473	0.022375	0.021223	0.0213145	
20000	0.338002	0.440422	0.250777	0.179322	2.58455	2.4063	1.70808	-5.46673	0.0489745	-0.0574046	29.9706	-0.0733251	-0.00915671	29.9568	-0.608	-0.608	-0.62	-0.62	0.0216477	0.0223756	0.0212192	0.0213154	
20100	0.333853	0.437112	0.243802	0.17193	2.61808	2.35402	1.66289	-5.51364	0.0480425	-0.055404	29.9709	-0.0731717	-0.00786125	29.9562	-0.608	-0.608	-0.62	-0.62	0.0216458	0.0223734	0.0212381	0.0213115	
20200	0.337903	0.440306	0.250719	0.179287	2.57891	2.39566	1.69959	-5.46697	0.0470383	-0.0556496	29.971	-0.073072	-0.00767826	29.956	-0.608	-0.608	-0.62	-0.62	0.0216449	0.0223723	0.0212424	0.0213102	
20300	0.337941	0.440346	0.250751	0.179314	2.58022	2.39788	1.70142	-5.46694	0.0472672	-0.0562181	29.9709	-0.073132	-0.00804488	29.9562	-0.608	-0.608	-0.62	-0.62	0.0216455	0.022373	0.0212373	0.0213113	
20400	0.337957	0.440366	0.250758	0.179316	2.58136	2.40006	1.70317	-5.46691	0.0476903	-0.0565433	29.9708	-0.0731854	-0.00836307	29.9564	-0.608	-0.608	-0.62	-0.62	0.0216461	0.0223736	0.0212326	0.0213123	
20500	0.337972	0.440385	0.250765	0.179318	2.58242	2.4021	1.7048	-5.46686	0.0481177	-0.056818	29.9707	-0.0732331	-0.008641	29.9566	-0.608	-0.608	-0.62	-0.62	0.0216466	0.0223742	0.0212282	0.0213133	
20600	0.337986	0.440402	0.250771	0.17932	2.5834	2.40402	1.7063	-5.46681	0.0485143	-0.0570803	29.9707	-0.0732761	-0.00888515	29.9567	-0.608	-0.608	-0.62	-0.62	0.0216471	0.0223748	0.0212241	0.0213142	
20700	0.337999	0.440418	0.250776	0.179321	2.58431	2.40581	1.7077	-5.46674	0.0488781	-0.0573349	29.9706	-0.0733149	-0.00910082	29.9568	-0.608	-0.608	-0.62	-0.62	0.0216476	0.0223754	0.0212202	0.0213151	
20800	0.333883	0.437146	0.243823	0.171945	2.61947	2.3565	1.66487	-5.51357	0.04846	-0.0558796	29.9708	-0.0732335	-0.0082242	29.9564	-0.608	-0.608	-0.62	-0.62	0.0216464	0.0223742	0.0212324	0.0213128	
20900	0.337645	0.440078	0.250444	0.178992	2.57733	2.39597	1.6998	-5.46739	0.047095	-0.05536	29.971	-0.0730567	-0.00756196	29.9559	-0.608001	-0.608	-0.620003	-0.620004	0.0216447	0.0223721	0.0212439	0.0213099	
21000	0.337937	0.44034	0.250749	0.179313	2.57989	2.39725	1.7009	-5.46694	0.047167	-0.0561003	29.9709	-0.0731159	-0.00794754	29.9561	-0.608	-0.608	-0.62	-0.62	0.0216453	0.0223728	0.0212387	0.021311	
21100	0.337953	0.44036	0.250756	0.179315	2.58105	2.39947	1.70269	-5.46692	0.0475681	-0.056461	29.9708	-0.0731712	-0.00827835	29.9563	-0.608	-0.608	-0.62	-0.62	0.0216459	0.0223734	0.0212339	0.021312	
21200	0.337968	0.44038	0.250763	0.179318	2.58213	2.40155	1.70435	-5.46688	0.0480008	-0.056743	29.9708	-0.0732203	-0.00856684	29.9565	-0.608	-0.608	-0.62	-0.62	0.0216465	0.0223741	0.0212294	0.021313	
21300	0.337982	0.440397	0.250769	0.179319	2.58313	2.4035	1.70589	-5.46682	0.0484068	-0.0570077	29.9707	-0.0732645	-0.00881987	29.9567	-0.608	-0.608	-0.62	-0.62	0.021647	0.0223747	0.0212252	0.021314	
21400	0.337995	0.440414	0.250774	0.179321	2.58406	2.40532	1.70732	-5.46676	0.0487794	-0.0572646	29.9706	-0.0733044	-0.00904304	29.9568	-0.608	-0.608	-0.62	-0.62	0.0216475	0.0223753	0.0212213	0.0213149	
21500	0.334076	0.437322	0.24402	0.172151	2.62171	2.35836	1.66638	-5.51324	0.0488099	-0.056439	29.9707	-0.0732955	-0.00860386	29.9566	-0.607999	-0.608	-0.619998	-0.619998	0.0216471	0.022375	0.0212267	0.0213141	
21600	0.33475	0.437459	0.24673	0.175167	2.55257	2.33955	1.65869	-5.47579	0.04732	-0.054894	29.971	-0.0730786	-0.00741356	29.9559	-0.608002	-0.607975	-0.619653	-0.619724	0.0216447	0.0223722	0.0212457	0.0213098	
21700	0.337932	0.440334	0.250746	0.179313	2.57955	2.3966	1.70037	-5.46694	0.0470875	-0.0559579	29.971	-0.0730993	-0.00784625	29.9561	-0.608	-0.608	-0.62	-0.62	0.0216451	0.0223726	0.0212401	0.0213106	
21800	0.337948	0.440355	0.250754	0.179315	2.58074	2.39886	1.7022	-5.46693	0.0474472	-0.0563735	29.9709	-0.0731564	-0.00819031	29.9563	-0.608	-0.608	-0.62	-0.62	0.0216458	0.0223732	0.0212352	0.0213117	
21900	0.337964	0.440374	0.250761	0.179317	2.58184	2.40098	1.7039	-5.46689	0.0478815	-0.0566669	29.9708	-0.0732071	-0.00848991	29.9565	-0.608	-0.608	-0.62	-0.62	0.0216463	0.0223739	0.0212306	0.0213128	
22000	0.337979	0.440392	0.250768	0.179319	2.58286	2.40296	1.70547	-5.46684	0.0482966	-0.0569345	29.9707	-0.0732526	-0.00875225	29.9566	-0.608	-0.608	-0.62	-0.62	0.0216468	0.0223745	0.0212263	0.0213137	
22100	0.337992	0.440409	0.250773	0.179321	2.58381	2.40482	1.70693	-5.46678	0.0486783	-0.0571935	29.9707	-0.0732937	-0.00898328	29.9567	-0.608	-0.608	-0.62	-0.62	0.0216473	0.0223751	0.0212224	0.0213146	
22200	0.336168	0.43922	0.246438	0.174674	2.64085	2.36712	1.67271	-5.5054	0.0490117	-0.0571667	29.9706	-0.073334	-0.00902267	29.9568	-0.607989	-0.608007	-0.620026	-0.620006	0.0216477	0.0223756	0.0212206	0.0213152	
22300	0.333843	0.4371	0.243799	0.17193	2.61732	2.3526	1.66176	-5.51367	0.0477859	-0.0551578	29.9709	-0.0731372	-0.00766008	29.9561	-0.608	-0.608	-0.62	-0.62	0.0216454	0.0223729	0.0212412	0.0213108	
22400	0.337922	0.440324	0.250739	0.179307	2.57919	2.39597	1.69985	-5.46695	0.0470418	-0.0557776	29.971	-0.073082	-0.00774072	29.956	-0.608	-0.608	-0.62	-0.62	0.021645	0.0223724	0.0212415	0.0213103	
22500	0.337944	0.440349	0.250752	0.179314	2.58041	2.39824	1.7017	-5.46694	0.0473306	-0.0562781	29.9709	-0.0731411	-0.0080988	29.9562	-0.608	-0.608	-0.62	-0.62	0.0216456	0.0223731	0.0212365	0.0213114	
22600	0.33796	0.440369	0.250759	0.179316	2.58154	2.4004	1.70344	-5.4669	0.0477603	-0.0565891	29.9708	-0.0731935	-0.00841006	29.9564	-0.608	-0.608	-0.62	-0.62	0.0216462	0.0223737	0.0212319	0.0213125	
22700	0.337975	0.440388	0.250766	0.179318	2.58258	2.40242	1.70504	-5.46686	0.0481836	-0.0568607	29.9707	-0.0732404	-0.00868219	29.9566	-0.608	-0.608	-0.62	-0.62	0.0216467	0.0223743	0.0212275	0.0213135	
22800	0.337988	0.440405	0.250772	0.17932	2.58355	2.40431	1.70653	-5.4668	0.0485748	-0.0571218	29.9707	-0.0732826	-0.00892145	29.9567	-0.608	-0.608	-0.62	-0.62	0.0216472	0.0223749	0.0212234	0.0213144	
22900	0.338001	0.44042	0.250776	0.179321	2.58445	2.40609	1.70792	-5.46673	0.0489336	-0.0573751	29.9706	-0.0733209	-0.00913298	29.9568	-0.608	-0.608	-0.62	-0.62	0.0216477	0.0223755	0.0212197	0.0213152	
23000	0.333862	0.437123	0.243807	0.171932	2.61865	2.35509	1.66374	-5.51361	0.0482276	-0.0556002	29.9708	-0.0731981	-0.00801505	29.9563	-0.608	-0.608	-0.62	-0.62	0.021646	0.0223737	0.0212357	0.0213121	
23100	0.337857	0.440265	0.250671	0.179236	2.57855	2.39554	1.69949	-5.46704	0.047051	-0.0555381	29.971	-0.0730648	-0.00762997	29.9559	-0.608	-0.608	-0.620001	-0.620001	0.0216448	0.0223722	0.021243	0.02131	
23200	0.337939	0.440343	0.25075	0.179314	2.58008	2.39761	1.7012	-5.46694	0.0472226	-0.0561702	29.9709	-0.0731253	-0.00800363	29.9562	-0.608	-0.608	-0.62	-0.62	0.0216454	0.0223729	0.0212379	0.0213111	
23300	0.337955	0.440364	0.250757	0.179316	2.58123	2.39981	1.70297	-5.46692	0.047638	-0.0565087	29.9708	-0.0731794	-0.00832715	29.9564	-0.608	-0.608	-0.62	-0.62	0.021646	0.0223735	0.0212331	0.0213122	
23400	0.337971	0.440382	0.250764	0.179318	2.5823	2.40187	1.70461	-5.46687	0.0480681	-0.0567862	29.9708	-0.0732278	-0.00860955	29.9565	-0.608	-0.608	-0.62	-0.62	0.0216465	0.0223742	0.0212287	0.0213132	
23500	0.337985	0.4404	0.25077	0.17932	2.58329	2.4038	1.70613	-5.46681	0.0484687	-0.0570495	29.9707	-0.0732712	-0.00885745	29.9567	-0.608	-0.608	-0.62	-0.62	0.0216471	0.0223748	0.0212246	0.0213141	
23600	0.337997	0.440416	0.250775	0.179321	2.5842	2.4056	1.70754	-5.46675	0.0488362	-0.057305	29.9706	-0.0733105	-0.00907629	29.9568	-0.608	-0.608	-0.62	-0.62	0.0216475	0.0223754	0.0212207	0.021315	
23700	0.33392	0.437181	0.243858	0.17198	2.6202	2.35747	1.66565	-5.5135	0.0486209	-0.0561066	29.9707	-0.0732604	-0.00838443	29.9565	-0.608	-0.608	-0.62	-0.62	0.0216467	0.0223745	0.02123	0.0213133	
23800	0.337122	0.439616	0.249876	0.178382	2.57437	2.39737	1.70088	-5.46846	0.0471584	-0.0551945	29.971	-0.0730551	-0.0075044	29.9559	-0.608004	-0.608	-0.620012	-0.620014	0.0216447	0.0223721	0.0212446	0.0213098	
23900	0.337935	0.440337	0.250748	0.179313	2.57975	2.39697	1.70067	-5.46694	0.0471299	-0.0560431	29.9709	-0.0731089	-0.00790462	29.9561	-0.608	-0.608	-0.62	-0.62	0.0216452	0.0223727	0.0212393	0.0213108	
24000	0.337951	0.440358	0.250755	0.179315	2.58092	2.39921	1.70248	-5.46693	0.0475161	-0.0564244	29.9708	-0.0731649	-0.00824103	29.9563	-0.608	-0.608	-0.62	-0.62	0.0216458	0.0223733	0.0212344	0.0213119	
24100	0.337966	0.440377	0.250763	0.179317	2.58201	2.4013	1.70416	-5.46688	0.04795	-0.0567107	29.9708	-0.0732148	-0.00853421	29.9565	-0.608	-0.608	-0.62	-0.62	0.0216464	0.022374	0.0212299	0.0213129	
24200	0.337981	0.440395	0.250769	0.179319	2.58302	2.40327	1.70571	-5.46683	0.04836	-0.0569766	29.9707	-0.0732595	-0.00879118	29.9566	-0.608	-0.608	-0.62	-0.62	0.0216469	0.0223746	0.0212257	0.0213139	
24300	0.337994	0.440412	0.250774	0.179321	2.58395	2.40511	1.70716	-5.46677	0.0487365	-0.0572343	29.9706	-0.0732999	-0.00901767	29.9568	-0.608	-0.608	-0.62	-0.62	0.0216474	0.0223752	0.0212217	0.0213148	
24400	0.334452	0.437656	0.244422	0.17258	2.62421	2.35811	1.66622	-5.51255	0.0489244	-0.05672	29.9706	-0.0733191	-0.00877553	29.9567	-0.607997	-0.608	-0.619992	-0.619991	0.0216474	0.0223753	0.0212242	0.0213146	
24500	0.333834	0.437088	0.243795	0.17193	2.61658	2.35119	1.66064	-5.5137	0.0475208	-0.0549248	29.971	-0.0731033	-0.00746322	29.956	-0.608	-0.608	-0.62	-0.62	0.021645	0.0223725	0.0212443	0.0213101	
24600	0.337929	0.440331	0.250744	0.179312	2.57941	2.39632	1.70015	-5.46694	0.0470628	-0.0558864	29.971	-0.073092	-0.00780156	29.9561	-0.608	-0.608	-0.62	-0.62	0.0216451	0.0223725	0.0212407	0.0213105	
24700	0.337946	0.440352	0.250753	0.179314	2.5806	2.39859	1.70199	-5.46693	0.0473966	-0.0563339	29.9709	-0.0731499	-0.00815152	29.9563	-0.608	-0.608	-0.62	-0.62	0.0216457	0.0223732	0.0212358	0.0213116	
24800	0.337962	0.440372	0.250761	0.179317	2.58171	2.40073	1.7037	-5.4669	0.0478298	-0.0566338	29.9708	-0.0732014	-0.00845604	29.9565	-0.608	-0.608	-0.62	-0.62	0.0216462	0.0223738	0.0212311	0.0213126	
24900	0.337977	0.44039	0.250767	0.179319	2.58274	2.40273	1.70529	-5.46685	0.0482485	-0.0569031	29.9707	-0.0732474	-0.00872252	29.9566	-0.608	-0.608	-0.62	-0.62	0.0216468	0.0223744	0.0212268	0.0213136	
25000	0.33799	0.440407	0.250773	0.17932	2.5837	2.40461	1.70676	-5.46679	0.0486343	-0.0571629	29.9707	-0.073289	-0.00895703	29.9567	-0.608	-0.608	-0.62	-0.62	0.0216473	0.022375	0.0212228	0.0213145	
25100	0.338003	0.440423	0.250777	0.179322	2.58458	2.40636	1.70813	-5.46672	0.0489883	-0.0574148	29.9706	-0.0733267	-0.00916454	29.9568	-0.608	-0.608	-0.62	-0.62	0.0216477	0.0223756	0.0212191	0.0213154	
25200	0.333851	0.437109	0.243801	0.17193	2.61789	2.35367	1.66261	-5.51364	0.0479795	-0.0553413	29.9709	-0.0731631	-0.00781054	29.9562	-0.608	-0.608	-0.62	-0.62	0.0216457	0.0223733	0.0212388	0.0213114	
25300	0.33791	0.440313	0.250727	0.179295	2.57899	2.39572	1.69965	-5.46696	0.0470374	-0.0556839	29.971	-0.0730745	-0.00769404	29.956	-0.608	-0.608	-0.62	-0.62	0.0216449	0.0223723	0.0212422	0.0213102	
25400	0.337942	0.440347	0.250751	0.179314	2.58027	2.39797	1.70149	-5.46694	0.047283	-0.0562338	29.9709	-0.0731344	-0.00805847	29.9562	-0.608	-0.608	-0.62	-0.62	0.0216455	0.022373	0.0212371	0.0213113	
