100	0.622337	0.73218	0.0764241	-0.929303	-0.208876	-0.348296	-0.364791	1.0753	32.7627	33.0442	32.928	32.966
200	0.589719	0.729605	-0.0519528	-1.19453	-0.266813	-0.422066	-0.441945	1.16025	32.7721	33.0485	32.7964	33.0248
300	0.628332	0.790073	-0.0679544	-1.29819	-0.283806	-0.458084	-0.478465	1.24495	32.7488	33.0765	32.7586	33.0529
400	0.648756	0.834741	-0.100225	-1.4238	-0.302944	-0.472917	-0.49277	1.33061	32.7176	33.0994	32.8356	32.9742
500	0.674439	0.871186	0.0108333	-1.54037	-0.345864	-0.508994	-0.520475	1.38874	32.7167	33.1169	32.7068	33.0855
600	0.686256	0.889213	-0.0318263	-1.48767	-0.416442	-0.509185	-0.519991	1.46989	32.712	33.1257	32.71	33.083
700	0.800386	0.873693	-0.1355	-1.6739	-0.397783	-0.551199	-0.563162	1.51664	32.6844	33.1571	33.2723	33.1097
800	0.744623	0.996155	-0.0469841	-1.64079	-0.438685	-0.561286	-0.572065	1.5959	32.6694	33.1748	32.6614	33.1205
900	0.859861	0.966708	0.0241882	-1.80762	-0.41426	-0.595721	-0.595491	1.62615	32.6462	33.2013	32.6324	33.1425
1000	0.785151	1.0758	-0.0619873	-1.75822	-0.458728	-0.599623	-0.610466	1.68913	32.639	33.2112	32.6223	33.1477
1100	0.883977	1.01689	-0.00665348	-1.93955	-0.44083	-0.634281	-0.633124	1.70406	32.624	33.226	32.5808	33.1696
1200	0.803187	1.12045	-0.086021	-1.85811	-0.481015	-0.627849	-0.639798	1.7511	32.6218	33.2317	32.5842	33.1658
1300	0.885393	1.02547	-0.0699486	-1.884	-0.526032	-0.635308	-0.63439	1.78031	32.6161	33.2404	32.5759	33.1624
1400	0.920208	1.07948	-0.0565519	-1.91934	-0.518161	-0.645244	-0.646037	1.825	32.605	33.2534	32.5758	33.1767
1500	0.96204	1.15198	-0.00897769	-2.10551	-0.449951	-0.685857	-0.686717	1.82953	32.5739	33.2863	32.5345	33.2095
1600	0.84302	1.21846	0.0414174	-2.08651	-0.529722	-0.658168	-0.659834	1.86068	32.5907	33.2714	32.5557	33.1892
1700	0.939329	1.12288	-0.0643795	-1.98988	-0.532708	-0.661076	-0.663744	1.8678	32.5902	33.273	32.553	33.1875
1800	0.954983	1.15178	-0.0672536	-2.02652	-0.531913	-0.671094	-0.67601	1.89124	32.5798	33.2846	32.5422	33.1976
1900	0.967971	1.1777	-0.0717244	-2.0627	-0.531491	-0.680637	-0.687818	1.9117	32.5704	33.2951	32.531	33.2068
2000	0.97971	1.20198	-0.0759152	-2.09604	-0.53065	-0.689118	-0.698578	1.92968	32.5618	33.3049	32.5206	33.2152
2100	0.990311	1.22473	-0.0798331	-2.12681	-0.529447	-0.696621	-0.70839	1.94542	32.5539	33.3139	32.5111	33.2227
2200	0.999883	1.24606	-0.0834827	-2.15524	-0.527935	-0.70322	-0.717341	1.95913	32.5466	33.3223	32.5023	33.2297
2300	0.878381	1.31653	0.00383126	-2.26961	-0.553389	-0.698441	-0.711851	1.93261	32.551	33.3217	32.4865	33.2192
2400	0.964591	1.18751	0.0597393	-2.21279	-0.579612	-0.673237	-0.669972	1.93025	32.5732	33.2975	32.5254	33.2013
2500	0.96888	1.19834	0.0667123	-2.23089	-0.577566	-0.672757	-0.672847	1.93212	32.5697	33.3005	32.5243	33.2036
2600	0.97198	1.20772	0.0721552	-2.2494	-0.575929	-0.672411	-0.675819	1.93294	32.5668	33.3029	32.5223	33.2057
2700	0.974777	1.21649	0.0773208	-2.26667	-0.574154	-0.671765	-0.67845	1.93301	32.5641	33.3051	32.5205	33.2077
2800	0.994849	1.24958	-0.0616567	-2.18225	-0.531635	-0.680907	-0.71043	1.9311	32.5505	33.3192	32.5062	33.2208
2900	0.999856	1.25982	-0.064969	-2.19403	-0.52924	-0.682042	-0.714244	1.93378	32.5477	33.323	32.5019	33.224
3000	1.00435	1.26938	-0.0681395	-2.2053	-0.526841	-0.682885	-0.717796	1.93566	32.5451	33.3265	32.498	33.2268
3100	1.00848	1.27842	-0.0710168	-2.21591	-0.524368	-0.683396	-0.721053	1.93686	32.5426	33.3299	32.4943	33.2293
3200	1.01228	1.28697	-0.0736193	-2.22594	-0.521834	-0.683602	-0.724043	1.93743	32.5404	33.333	32.4909	33.2316
3300	1.01579	1.29505	-0.0759618	-2.23545	-0.51925	-0.683524	-0.726795	1.93744	32.5384	33.3359	32.4878	33.2337
3400	1.01902	1.30271	-0.078058	-2.24448	-0.516624	-0.683185	-0.729329	1.93693	32.5365	33.3385	32.485	33.2357
3500	1.02202	1.30998	-0.079921	-2.25309	-0.513966	-0.682604	-0.731667	1.93597	32.5347	33.341	32.4823	33.2375
3600	1.0248	1.31687	-0.0815632	-2.26131	-0.511282	-0.681799	-0.733828	1.93458	32.5332	33.3433	32.4798	33.2391
3700	1.02739	1.32342	-0.0829965	-2.26919	-0.508576	-0.680788	-0.735827	1.9328	32.5317	33.3455	32.4775	33.2406
3800	1.02981	1.32965	-0.0842326	-2.27676	-0.505855	-0.679584	-0.737679	1.93068	32.5304	33.3475	32.4754	33.242
3900	1.03207	1.33558	-0.0852822	-2.28404	-0.503122	-0.678204	-0.739397	1.92823	32.5291	33.3493	32.4735	33.2432
4000	1.03419	1.34122	-0.0861559	-2.29106	-0.50038	-0.67666	-0.740994	1.9255	32.528	33.351	32.4716	33.2444
4100	1.03618	1.34661	-0.0868637	-2.29786	-0.497632	-0.674965	-0.74248	1.92251	32.527	33.3526	32.47	33.2455
4200	1.03807	1.35175	-0.0874148	-2.30444	-0.49488	-0.673129	-0.743865	1.91927	32.526	33.3541	32.4684	33.2464
4300	1.03986	1.35666	-0.0878184	-2.31083	-0.492127	-0.671164	-0.745157	1.91581	32.5251	33.3555	32.4669	33.2473
4400	1.04155	1.36136	-0.0880829	-2.31706	-0.489374	-0.669079	-0.746364	1.91214	32.5243	33.3568	32.4656	33.2482
4500	1.04317	1.36586	-0.0882164	-2.32312	-0.486621	-0.666884	-0.747494	1.9083	32.5236	33.358	32.4643	33.2489
4600	1.02809	1.34391	0.0580039	-2.43203	-0.525677	-0.655043	-0.711732	1.89989	32.5343	33.3463	32.4767	33.2378
4700	1.04273	1.37105	-0.0779293	-2.33859	-0.481695	-0.659169	-0.747367	1.89534	32.523	33.3576	32.4657	33.2482
4800	1.04447	1.37522	-0.0783048	-2.34393	-0.478879	-0.656836	-0.74841	1.89134	32.5225	33.3586	32.4644	33.2491
4900	1.04609	1.37919	-0.0786125	-2.34928	-0.476112	-0.654446	-0.749421	1.88717	32.5219	33.3597	32.4632	33.2498
5000	1.04764	1.383	-0.0787804	-2.35454	-0.473348	-0.65197	-0.750369	1.88286	32.5214	33.3606	32.4622	33.2504
5100	1.04914	1.38667	-0.0788196	-2.35972	-0.470587	-0.649416	-0.751259	1.87842	32.5209	33.3615	32.4612	33.251
5200	1.05058	1.39021	-0.0787384	-2.36483	-0.467831	-0.646788	-0.752098	1.87386	32.5204	33.3624	32.4603	33.2515
5300	1.05198	1.39363	-0.0785439	-2.36988	-0.46508	-0.644091	-0.752888	1.86918	32.52	33.3632	32.4594	33.252
5400	1.03916	1.37199	0.0641343	-2.47586	-0.504008	-0.633204	-0.714521	1.8599	32.5307	33.3521	32.4712	33.2414
5500	1.04626	1.39211	-0.0740186	-2.39368	-0.463907	-0.638298	-0.754946	1.85262	32.5211	33.3601	32.4556	33.2508
5600	1.05256	1.39989	-0.0671663	-2.38822	-0.457452	-0.632635	-0.7526	1.84976	32.5197	33.3627	32.4608	33.2513
5700	1.05406	1.40303	-0.0672503	-2.39285	-0.454688	-0.629889	-0.753391	1.84503	32.5194	33.3634	32.4598	33.2518
5800	1.05552	1.40607	-0.0672031	-2.39743	-0.451928	-0.627085	-0.754134	1.84019	32.5191	33.3641	32.459	33.2523
5900	1.05694	1.40902	-0.0670376	-2.40199	-0.449172	-0.624225	-0.754835	1.83526	32.5187	33.3648	32.4582	33.2527
6000	1.05832	1.41188	-0.0667622	-2.40652	-0.44642	-0.621314	-0.755498	1.83025	32.5184	33.3654	32.4575	33.2531
6100	1.05965	1.41465	-0.0663838	-2.41104	-0.443672	-0.618355	-0.756125	1.82516	32.5181	33.366	32.4569	33.2534
6200	1.04667	1.39133	0.0771562	-2.51774	-0.483245	-0.607378	-0.714501	1.81241	32.5292	33.3542	32.4692	33.2423
6300	1.0579	1.41575	-0.055568	-2.42519	-0.43949	-0.609652	-0.755022	1.80923	32.5186	33.3642	32.4587	33.2518
6400	1.06012	1.41914	-0.0545542	-2.4279	-0.436121	-0.606272	-0.755219	1.80459	32.5183	33.365	32.4587	33.2524
6500	1.06159	1.42178	-0.0544859	-2.43213	-0.433353	-0.603329	-0.755898	1.79954	32.5181	33.3655	32.4579	33.2528
6600	1.06302	1.42435	-0.0542959	-2.43634	-0.430589	-0.60034	-0.756536	1.79442	32.5178	33.3661	32.4572	33.2532
6700	1.06441	1.42685	-0.0539958	-2.44055	-0.427828	-0.597308	-0.757138	1.78922	32.5176	33.3666	32.4566	33.2536
6800	1.06576	1.42929	-0.0535931	-2.44476	-0.425071	-0.594236	-0.757708	1.78395	32.5174	33.3671	32.456	33.2539
6900	1.05963	1.41138	0.0917177	-2.53955	-0.460769	-0.581735	-0.711363	1.77354	32.527	33.3583	32.4729	33.2434
7000	1.05357	1.40647	0.0935145	-2.55655	-0.462444	-0.579441	-0.712663	1.76164	32.5285	33.3548	32.4693	33.2421
7100	1.06613	1.43272	-0.041392	-2.46084	-0.417579	-0.581826	-0.756364	1.76265	32.5176	33.3659	32.4582	33.2526
7200	1.06763	1.4351	-0.0413147	-2.46482	-0.414789	-0.578794	-0.75701	1.75748	32.5175	33.3663	32.4574	33.2531
7300	1.06908	1.43742	-0.0411234	-2.46881	-0.412008	-0.575726	-0.757621	1.75223	32.5173	33.3668	32.4568	33.2534
7400	1.07048	1.43969	-0.0408201	-2.4728	-0.409231	-0.57262	-0.758196	1.74692	32.5171	33.3673	32.4562	33.2538
7500	1.07185	1.4419	-0.0404135	-2.47679	-0.406457	-0.569478	-0.758738	1.74154	32.5169	33.3678	32.4556	33.2541
7600	1.07317	1.44406	-0.0399106	-2.4808	-0.403687	-0.566303	-0.75925	1.73609	32.5168	33.3682	32.4551	33.2543
7700	1.06147	1.41957	0.102873	-2.58699	-0.443819	-0.555888	-0.71198	1.71876	32.528	33.356	32.4678	33.2429
7800	1.07183	1.44428	-0.0283528	-2.49295	-0.399271	-0.557069	-0.757259	1.71952	32.5173	33.3662	32.4577	33.2526
7900	1.07363	1.44677	-0.0278352	-2.4961	-0.396188	-0.553763	-0.757654	1.71443	32.5172	33.3667	32.4573	33.2531
8000	1.07509	1.44892	-0.0276592	-2.49992	-0.393385	-0.550644	-0.758257	1.7091	32.5171	33.3672	32.4566	33.2535
8100	1.0765	1.45102	-0.0273679	-2.50374	-0.390585	-0.547489	-0.758822	1.7037	32.5169	33.3676	32.456	33.2538
8200	1.07787	1.45307	-0.0269719	-2.50757	-0.387789	-0.5443	-0.759353	1.69824	32.5167	33.3681	32.4555	33.2541
8300	1.0792	1.45508	-0.0264784	-2.51141	-0.384997	-0.54108	-0.759852	1.69272	32.5166	33.3685	32.455	33.2544
8400	1.06959	1.43168	0.113176	-2.61551	-0.424754	-0.531594	-0.71067	1.67523	32.5275	33.3571	32.4671	33.2436
8500	1.07105	1.44845	-0.0249973	-2.53819	-0.386418	-0.536358	-0.76278	1.6721	32.5184	33.3633	32.4479	33.2544
8600	1.07957	1.45726	-0.0142418	-2.52623	-0.377512	-0.528417	-0.757951	1.67064	32.517	33.3669	32.4573	33.2531
8700	1.08102	1.45928	-0.0140861	-2.52991	-0.374683	-0.525261	-0.758557	1.66525	32.5169	33.3673	32.4566	33.2535
8800	1.08243	1.46126	-0.0138119	-2.5336	-0.371858	-0.52207	-0.75912	1.65978	32.5168	33.3678	32.456	33.2538
8900	1.0838	1.4632	-0.0134311	-2.53729	-0.369037	-0.518846	-0.759647	1.65426	32.5166	33.3682	32.4554	33.2541
9000	1.08512	1.4651	-0.0129516	-2.541	-0.36622	-0.515592	-0.76014	1.64867	32.5164	33.3686	32.4549	33.2544
9100	1.08377	1.44877	0.133104	-2.62902	-0.400062	-0.502597	-0.704176	1.63468	32.526	33.3611	32.4758	33.2423
9200	1.07535	1.44097	0.131181	-2.65093	-0.404184	-0.502081	-0.707146	1.62032	32.5277	33.3561	32.4682	33.2427
9300	1.08537	1.46683	-0.00060684	-2.55541	-0.358757	-0.50285	-0.757962	1.62623	32.5169	33.367	32.4574	33.253
9400	1.08682	1.46877	-0.000454206	-2.55894	-0.355888	-0.499655	-0.758563	1.62079	32.5168	33.3674	32.4567	33.2534
9500	1.08821	1.47065	-0.000200053	-2.5625	-0.353036	-0.496434	-0.75913	1.61527	32.5167	33.3678	32.4561	33.2538
9600	1.08956	1.4725	0.000163032	-2.56608	-0.350188	-0.493182	-0.759657	1.60969	32.5165	33.3682	32.4555	33.2541
9700	1.09086	1.47431	0.000626206	-2.56966	-0.347345	-0.489899	-0.760149	1.60405	32.5164	33.3686	32.455	33.2543
9800	1.09212	1.47608	0.00118283	-2.57326	-0.344508	-0.486588	-0.760608	1.59835	32.5163	33.369	32.4545	33.2546
9900	1.08263	1.45076	0.14143	-2.67833	-0.385244	-0.477448	-0.705489	1.57506	32.5275	33.3567	32.4673	33.2431
10000	1.09078	1.47548	0.0127516	-2.58414	-0.340101	-0.477264	-0.757887	1.58111	32.5169	33.367	32.4573	33.2528
10100	1.09241	1.47754	0.013206	-2.58708	-0.336993	-0.473868	-0.758299	1.57578	32.5168	33.3674	32.4568	33.2533
10200	1.09379	1.47934	0.0134383	-2.59053	-0.334114	-0.470622	-0.758873	1.57021	32.5167	33.3678	32.4562	33.2537
10300	1.09511	1.48112	0.0137823	-2.59398	-0.331239	-0.467345	-0.759403	1.56458	32.5165	33.3682	32.4556	33.254
10400	1.09639	1.48285	0.0142279	-2.59745	-0.32837	-0.464037	-0.759896	1.55889	32.5164	33.3686	32.4551	33.2543
10500	1.09763	1.48455	0.0147681	-2.60093	-0.325508	-0.460701	-0.760352	1.55314	32.5162	33.369	32.4546	33.2545
10600	1.08981	1.46006	0.151944	-2.70456	-0.366015	-0.45249	-0.703521	1.5294	32.5273	33.3573	32.4667	33.2436
10700	1.09346	1.48103	0.0221705	-2.61787	-0.323937	-0.45367	-0.760018	1.5336	32.5176	33.3657	32.4533	33.2529
10800	1.09777	1.48568	0.0268775	-2.61436	-0.318	-0.447927	-0.757774	1.53025	32.5168	33.3674	32.457	33.2532
10900	1.09912	1.48742	0.0270868	-2.6177	-0.315093	-0.444659	-0.758357	1.52464	32.5167	33.3678	32.4563	33.2536
11000	1.10041	1.48913	0.0274109	-2.62104	-0.312192	-0.441358	-0.758893	1.51896	32.5165	33.3682	32.4557	33.2539
11100	1.10166	1.4908	0.0278383	-2.6244	-0.309298	-0.438027	-0.759388	1.51323	32.5164	33.3686	32.4552	33.2542
11200	1.10287	1.49243	0.0283614	-2.62776	-0.30641	-0.434669	-0.759845	1.50743	32.5162	33.3689	32.4547	33.2545
11300	1.09864	1.47069	0.165384	-2.72542	-0.3446	-0.425677	-0.699488	1.48485	32.5266	33.3588	32.4691	33.2439
11400	1.09496	1.46709	0.170328	-2.73617	-0.344941	-0.422251	-0.698663	1.47256	32.5276	33.3562	32.4683	33.2425
11500	1.10286	1.49326	0.0405477	-2.64081	-0.298917	-0.421851	-0.756997	1.48423	32.5168	33.3673	32.4572	33.2531
11600	1.10417	1.49495	0.0407389	-2.64404	-0.295979	-0.418558	-0.757587	1.47859	32.5167	33.3677	32.4564	33.2535
11700	1.10543	1.49659	0.0410422	-2.64727	-0.293052	-0.415236	-0.75813	1.47287	32.5165	33.3681	32.4558	33.2539
11800	1.10665	1.4982	0.0414506	-2.65051	-0.290133	-0.411884	-0.758629	1.46708	32.5164	33.3685	32.4553	33.2541
11900	1.10782	1.49977	0.041956	-2.65377	-0.28722	-0.408504	-0.759087	1.46124	32.5163	33.3689	32.4548	33.2544
12000	1.10895	1.5013	0.042552	-2.65703	-0.284316	-0.405099	-0.759507	1.45534	32.5161	33.3692	32.4543	33.2547
12100	1.10137	1.47508	0.180582	-2.76094	-0.325627	-0.397106	-0.696379	1.42576	32.5275	33.3567	32.4676	33.243
12200	1.10759	1.50026	0.0541257	-2.66656	-0.279809	-0.395702	-0.756027	1.4377	32.5167	33.3672	32.4573	33.2529
12300	1.10892	1.50194	0.054388	-2.66954	-0.276778	-0.392332	-0.756564	1.43206	32.5167	33.3676	32.4566	33.2534
12400	1.11015	1.50353	0.0546694	-2.67267	-0.273826	-0.388989	-0.757116	1.42631	32.5166	33.368	32.456	33.2538
12500	1.11134	1.50508	0.0550583	-2.6758	-0.270881	-0.385617	-0.757619	1.42048	32.5164	33.3684	32.4554	33.2541
12600	1.11247	1.5066	0.0555454	-2.67895	-0.267945	-0.382218	-0.758079	1.4146	32.5163	33.3688	32.4549	33.2543
12700	1.11356	1.50807	0.0561242	-2.6821	-0.265017	-0.378792	-0.7585	1.40866	32.5162	33.3691	32.4545	33.2546
12800	1.1075	1.4826	0.190914	-2.78482	-0.306149	-0.371767	-0.693889	1.37855	32.5273	33.3572	32.4669	33.2434
12900	1.11135	1.5061	0.0666055	-2.69311	-0.261401	-0.370092	-0.755578	1.39008	32.5169	33.3668	32.4563	33.2528
13000	1.11337	1.50844	0.0680217	-2.69422	-0.257495	-0.365991	-0.755291	1.38509	32.5167	33.3675	32.4568	33.2533
13100	1.11456	1.50997	0.0682807	-2.69724	-0.254518	-0.36263	-0.755853	1.3793	32.5166	33.3679	32.4562	33.2537
13200	1.11571	1.51147	0.0686498	-2.70027	-0.251549	-0.359238	-0.756363	1.37344	32.5165	33.3683	32.4556	33.254
13300	1.1168	1.51293	0.0691186	-2.7033	-0.24859	-0.35582	-0.756826	1.36752	32.5163	33.3687	32.4551	33.2543
13400	1.11785	1.51435	0.0696799	-2.70634	-0.24564	-0.352375	-0.757247	1.36153	32.5162	33.369	32.4546	33.2545
13500	1.11377	1.49013	0.201921	-2.80673	-0.285993	-0.345831	-0.690724	1.33142	32.5271	33.3579	32.4669	33.2438
13600	1.10524	1.50313	0.0662741	-2.73961	-0.250546	-0.351113	-0.762899	1.33598	32.5187	33.3615	32.4473	33.2489
13700	1.11749	1.51445	0.0816354	-2.71806	-0.238138	-0.339546	-0.753768	1.33769	32.5167	33.3674	32.457	33.2532
13800	1.11864	1.51593	0.0818724	-2.72098	-0.235136	-0.336165	-0.754342	1.33186	32.5166	33.3678	32.4563	33.2536
13900	1.11975	1.51737	0.0822214	-2.72389	-0.232144	-0.332755	-0.754859	1.32597	32.5165	33.3682	32.4557	33.2539
14000	1.12081	1.51878	0.0826716	-2.72682	-0.229162	-0.329318	-0.755327	1.32001	32.5164	33.3686	32.4552	33.2542
14100	1.12182	1.52014	0.0832154	-2.72974	-0.22619	-0.325856	-0.75575	1.31399	32.5162	33.369	32.4547	33.2545
14200	1.12571	1.50283	0.221672	-2.81366	-0.25946	-0.314436	-0.681172	1.28921	32.5251	33.3618	32.475	33.2446
14300	1.11707	1.49434	0.21942	-2.83511	-0.265053	-0.315537	-0.684966	1.27197	32.5275	33.3565	32.468	33.2427
14400	1.12128	1.51997	0.0952065	-2.7411	-0.218728	-0.313015	-0.752011	1.28987	32.5167	33.3673	32.4572	33.253
14500	1.1224	1.52141	0.0954405	-2.74388	-0.215687	-0.309604	-0.752582	1.28402	32.5167	33.3677	32.4565	33.2535
14600	1.12346	1.52279	0.095769	-2.74669	-0.212672	-0.306177	-0.753108	1.27809	32.5165	33.3681	32.4559	33.2538
14700	1.12448	1.52414	0.0962004	-2.7495	-0.209668	-0.302722	-0.753582	1.27209	32.5164	33.3685	32.4554	33.2541
14800	1.12545	1.52546	0.0967264	-2.75231	-0.206675	-0.299242	-0.754008	1.26604	32.5163	33.3689	32.4548	33.2544
14900	1.12638	1.52673	0.0973409	-2.75514	-0.203693	-0.295739	-0.754389	1.25992	32.5161	33.3692	32.4544	33.2546
15000	1.12213	1.50037	0.229563	-2.85642	-0.245305	-0.289866	-0.681924	1.22347	32.5274	33.3569	32.4672	33.2432
15100	1.12458	1.52486	0.108502	-2.76367	-0.199453	-0.286559	-0.750203	1.24146	32.5168	33.3672	32.4572	33.2529
15200	1.12582	1.5264	0.108981	-2.76594	-0.196178	-0.282954	-0.750573	1.23577	32.5167	33.3676	32.4567	33.2534
15300	1.12684	1.52774	0.109288	-2.76863	-0.193141	-0.27951	-0.75111	1.22981	32.5166	33.368	32.4561	33.2537
15400	1.12782	1.52904	0.109701	-2.77133	-0.190115	-0.276039	-0.751591	1.22378	32.5164	33.3684	32.4555	33.254
15500	1.12875	1.5303	0.110209	-2.77404	-0.187101	-0.272542	-0.75202	1.21769	32.5163	33.3688	32.455	33.2543
15600	1.12964	1.53152	0.110806	-2.77675	-0.184099	-0.269023	-0.752403	1.21154	32.5162	33.3691	32.4545	33.2546
15700	1.12696	1.50606	0.239802	-2.87662	-0.225317	-0.263974	-0.678618	1.17476	32.5272	33.3574	32.4667	33.2436
15800	1.12577	1.52749	0.118789	-2.78999	-0.182513	-0.262045	-0.750586	1.19051	32.5174	33.3661	32.454	33.2529
15900	1.1289	1.53093	0.12249	-2.78714	-0.176614	-0.256222	-0.748315	1.18714	32.5167	33.3675	32.4569	33.2533
16000	1.12988	1.53221	0.122775	-2.78973	-0.173555	-0.252763	-0.748865	1.18115	32.5166	33.3679	32.4562	33.2536
16100	1.13082	1.53345	0.123168	-2.79232	-0.170509	-0.249276	-0.749353	1.17509	32.5165	33.3683	32.4556	33.254
16200	1.13171	1.53466	0.123658	-2.79492	-0.167475	-0.245764	-0.749788	1.16897	32.5163	33.3687	32.4551	33.2542
16300	1.13255	1.53583	0.124238	-2.79751	-0.164453	-0.24223	-0.750173	1.16279	32.5162	33.369	32.4546	33.2545
16400	1.13267	1.51255	0.252008	-2.89275	-0.20352	-0.23653	-0.673452	1.12731	32.5267	33.3586	32.4683	33.2439
16500	1.12953	1.50898	0.257541	-2.90067	-0.2037	-0.233076	-0.671395	1.11435	32.5276	33.3562	32.4684	33.2425
16600	1.13164	1.53497	0.135958	-2.8075	-0.157005	-0.22942	-0.745812	1.13813	32.5167	33.3674	32.4571	33.2531
16700	1.13258	1.53621	0.136225	-2.80998	-0.153923	-0.225944	-0.746372	1.13212	32.5166	33.3677	32.4564	33.2535
16800	1.13348	1.5374	0.136598	-2.81246	-0.150856	-0.222443	-0.746871	1.12603	32.5165	33.3682	32.4558	33.2539
16900	1.13432	1.53855	0.13707	-2.81494	-0.147802	-0.218916	-0.747311	1.11989	32.5164	33.3685	32.4553	33.2542
17000	1.13512	1.53966	0.137633	-2.81742	-0.144763	-0.215367	-0.7477	1.11368	32.5162	33.3689	32.4548	33.2544
17100	1.16436	1.54124	0.294659	-2.84814	-0.174497	-0.215102	-0.670629	1.08085	32.5414	33.3739	32.338	33.387
17200	1.1335	1.51357	0.267501	-2.9193	-0.183719	-0.207128	-0.667784	1.06473	32.5274	33.3567	32.4676	33.2429
17300	1.13401	1.53851	0.149329	-2.82707	-0.137403	-0.202595	-0.743111	1.08873	32.5167	33.3673	32.4573	33.253
17400	1.13494	1.53973	0.149633	-2.82936	-0.13425	-0.199062	-0.743633	1.08274	32.5167	33.3676	32.4566	33.2534
17500	1.13579	1.54087	0.149987	-2.83173	-0.131163	-0.195547	-0.744143	1.07663	32.5165	33.368	32.456	33.2538
17600	1.13659	1.54197	0.15044	-2.8341	-0.128091	-0.192007	-0.744591	1.07045	32.5164	33.3684	32.4554	33.2541
17700	1.13735	1.54303	0.150985	-2.83647	-0.125033	-0.188444	-0.744984	1.06422	32.5163	33.3688	32.4549	33.2544
17800	1.13807	1.54405	0.151615	-2.83884	-0.121989	-0.18486	-0.745325	1.05792	32.5161	33.3692	32.4544	33.2546
17900	1.13715	1.51774	0.27742	-2.93701	-0.163622	-0.181069	-0.664016	1.01485	32.5273	33.3571	32.4669	33.2433
18000	1.13564	1.54118	0.161971	-2.84686	-0.118368	-0.176228	-0.740795	1.0384	32.5168	33.367	32.4567	33.2528
18100	1.13695	1.54278	0.162996	-2.84787	-0.114542	-0.172124	-0.740647	1.03302	32.5167	33.3675	32.4568	33.2533
18200	1.13776	1.54386	0.163329	-2.85014	-0.111437	-0.168596	-0.74117	1.02689	32.5166	33.3679	32.4561	33.2537
18300	1.13852	1.54491	0.163763	-2.85239	-0.108346	-0.165043	-0.741626	1.02069	32.5164	33.3683	32.4556	33.254
18400	1.13924	1.54591	0.164291	-2.85465	-0.10527	-0.161468	-0.742025	1.01443	32.5163	33.3687	32.455	33.2543
18500	1.13991	1.54688	0.164904	-2.85691	-0.10221	-0.157872	-0.742369	1.00811	32.5162	33.3691	32.4546	33.2545
18600	1.14073	1.52174	0.287723	-2.95312	-0.143023	-0.154571	-0.659684	0.965118	32.5271	33.3577	32.4667	33.2438
18700	1.13174	1.53844	0.166436	-2.87903	-0.106121	-0.155696	-0.745499	0.981027	32.5187	33.3634	32.448	33.2523
18800	1.13862	1.54535	0.176309	-2.86551	-0.0948062	-0.145139	-0.737416	0.982986	32.5167	33.3674	32.457	33.2532
18900	1.13938	1.54638	0.17662	-2.86767	-0.0916824	-0.141599	-0.737952	0.976831	32.5166	33.3678	32.4563	33.2536
19000	1.1401	1.54737	0.177036	-2.86981	-0.0885736	-0.138034	-0.738419	0.97061	32.5165	33.3682	32.4557	33.2539
19100	1.14078	1.54833	0.177546	-2.87196	-0.085481	-0.134447	-0.738824	0.964326	32.5163	33.3686	32.4552	33.2542
19200	1.1414	1.54924	0.178142	-2.8741	-0.0824045	-0.13084	-0.739173	0.957981	32.5162	33.369	32.4547	33.2545
19300	1.14732	1.52866	0.303499	-2.95918	-0.117268	-0.12365	-0.649924	0.920276	32.5257	33.3605	32.4727	33.2441
19400	1.14152	1.5222	0.304576	-2.97334	-0.121607	-0.123814	-0.651536	0.902783	32.5275	33.3564	32.4681	33.2427
19500	1.13994	1.54744	0.189555	-2.88229	-0.0750595	-0.118124	-0.733951	0.932631	32.5167	33.3673	32.4572	33.2531
19600	1.14066	1.54843	0.189857	-2.88432	-0.0719066	-0.114564	-0.734491	0.926468	32.5167	33.3677	32.4565	33.2535
19700	1.14134	1.54937	0.190254	-2.88636	-0.0687807	-0.110988	-0.734969	0.920228	32.5165	33.3681	32.4559	33.2538
19800	1.14197	1.55026	0.190746	-2.88838	-0.0656716	-0.10739	-0.735382	0.913923	32.5164	33.3685	32.4553	33.2541
19900	1.14255	1.55112	0.191325	-2.89041	-0.0625795	-0.103773	-0.735736	0.907557	32.5162	33.3689	32.4548	33.2544
20000	1.1431	1.55194	0.191986	-2.89244	-0.0595037	-0.100136	-0.736034	0.901133	32.5161	33.3692	32.4544	33.2547
20100	1.14405	1.52491	0.314251	-2.98834	-0.101378	-0.0975962	-0.647232	0.851965	32.5274	33.3569	32.4673	33.2431
20200	1.14082	1.54897	0.202587	-2.89843	-0.0554452	-0.0912069	-0.730402	0.881832	32.5167	33.3672	32.4572	33.2529
20300	1.1416	1.55	0.203035	-2.90009	-0.0521152	-0.0874992	-0.730786	0.875817	32.5167	33.3676	32.4567	33.2534
20400	1.14223	1.55088	0.203412	-2.90201	-0.048973	-0.0839137	-0.731278	0.869559	32.5166	33.368	32.456	33.2538
20500	1.14281	1.55173	0.203886	-2.90393	-0.0458479	-0.0803059	-0.7317	0.863236	32.5164	33.3684	32.4555	33.2541
20600	1.14335	1.55253	0.204448	-2.90584	-0.0427408	-0.0766783	-0.732059	0.856851	32.5163	33.3688	32.455	33.2543
20700	1.14385	1.55329	0.205092	-2.90775	-0.039651	-0.0730325	-0.732361	0.850408	32.5161	33.3691	32.4545	33.2546
20800	1.14628	1.52723	0.323943	-3.0023	-0.0809877	-0.0712381	-0.642701	0.801028	32.5273	33.3573	32.4667	33.2435
20900	1.14035	1.54896	0.213704	-2.91669	-0.0376462	-0.0658379	-0.728578	0.828839	32.5172	33.3664	32.4551	33.2529
21000	1.14218	1.55109	0.21615	-2.91497	-0.0323145	-0.0604127	-0.726839	0.824893	32.5167	33.3675	32.4569	33.2533
21100	1.14277	1.55192	0.216507	-2.91678	-0.0291568	-0.0568187	-0.727345	0.818619	32.5166	33.3679	32.4562	33.2537
21200	1.14331	1.55271	0.216962	-2.91858	-0.0260163	-0.0532018	-0.727778	0.812281	32.5165	33.3683	32.4556	33.254
21300	1.14381	1.55346	0.217507	-2.92038	-0.0228947	-0.0495654	-0.728144	0.80588	32.5163	33.3687	32.4551	33.2543
21400	1.14426	1.55417	0.218134	-2.92218	-0.0197914	-0.0459112	-0.728451	0.799418	32.5162	33.369	32.4546	33.2545
21500	1.14887	1.52985	0.334808	-3.01327	-0.0592462	-0.043716	-0.636668	0.751276	32.5269	33.3583	32.4676	33.2439
21600	1.11397	1.52554	0.193926	-2.99296	-0.029569	-0.0373028	-0.727835	0.767974	32.502	33.3512	32.5851	33.1093
21700	1.14242	1.55171	0.229194	-2.92896	-0.0125128	-0.033315	-0.722652	0.77371	32.5167	33.3674	32.4571	33.2531
21800	1.14297	1.55249	0.229533	-2.93066	-0.009338	-0.0297115	-0.723172	0.767424	32.5166	33.3678	32.4564	33.2536
21900	1.14347	1.55322	0.22997	-2.93235	-0.00618289	-0.0260866	-0.723616	0.761072	32.5165	33.3682	32.4558	33.2539
22000	1.14392	1.55392	0.230497	-2.93403	-0.00304725	-0.0224423	-0.723991	0.754657	32.5164	33.3686	32.4552	33.2542
22100	1.14433	1.55457	0.231108	-2.93571	6.9031e-05	-0.0187805	-0.724303	0.74818	32.5162	33.3689	32.4547	33.2544
22200	1.16567	1.54317	0.361646	-2.99217	-0.0263913	-0.00677912	-0.618575	0.713397	32.5289	33.3661	32.4609	33.268
22300	1.14755	1.5275	0.350088	-3.03061	-0.0388407	-0.0138632	-0.62839	0.68654	32.5275	33.3566	32.4677	33.2429
22400	1.1423	1.55183	0.242133	-2.9421	0.00725019	-0.00624352	-0.718264	0.722245	32.5167	33.3673	32.4573	33.253
22500	1.14282	1.55257	0.242487	-2.94364	0.0104772	-0.0026004	-0.71876	0.715989	32.5167	33.3677	32.4565	33.2535
22600	1.14327	1.55326	0.242906	-2.94521	0.0136462	0.00103141	-0.719218	0.709626	32.5165	33.3681	32.4559	33.2538
22700	1.14368	1.5539	0.243416	-2.94678	0.0167953	0.0046827	-0.719602	0.703198	32.5164	33.3685	32.4554	33.2541
22800	1.14404	1.5545	0.244009	-2.94834	0.0199241	0.00835116	-0.71992	0.696709	32.5163	33.3688	32.4549	33.2544
22900	1.14437	1.55505	0.244681	-2.9499	0.0230333	0.0120356	-0.720177	0.690162	32.5161	33.3692	32.4544	33.2546
23000	1.14863	1.52833	0.35944	-3.04188	-0.0184568	0.0125008	-0.623402	0.634803	32.5273	33.3571	32.467	33.2433
23100	1.14162	1.55124	0.254576	-2.95503	0.0265519	0.0204317	-0.714135	0.670052	32.5168	33.3671	32.4569	33.2529
23200	1.14232	1.55219	0.255365	-2.95571	0.0302829	0.0245063	-0.714109	0.664331	32.5167	33.3675	32.4567	33.2533
23300	1.14273	1.55282	0.255764	-2.95718	0.0334649	0.0281438	-0.714582	0.657958	32.5166	33.3679	32.4561	33.2537
23400	1.14309	1.5534	0.256257	-2.95863	0.0366269	0.0318012	-0.714977	0.65152	32.5164	33.3683	32.4555	33.254
23500	1.14341	1.55395	0.256834	-2.96007	0.0397676	0.0354755	-0.715303	0.645021	32.5163	33.3687	32.455	33.2543
23600	1.14369	1.55445	0.257489	-2.96152	0.0428877	0.0391652	-0.715565	0.638463	32.5162	33.3691	32.4545	33.2546
23700	1.1495	1.52887	0.36898	-3.05179	0.00227798	0.0391605	-0.617956	0.583262	32.5272	33.3576	32.4666	33.2437
23800	1.13785	1.54737	0.261966	-2.97547	0.0404665	0.0424349	-0.715713	0.611613	32.5181	33.3647	32.4504	33.2529
23900	1.14148	1.55132	0.268161	-2.96687	0.0500726	0.0516	-0.709221	0.612464	32.5167	33.3674	32.4569	33.2532
24000	1.14184	1.5519	0.268542	-2.96823	0.0532672	0.0552424	-0.70971	0.606083	32.5166	33.3678	32.4563	33.2536
24100	1.14216	1.55243	0.269017	-2.96957	0.0564413	0.0589049	-0.710117	0.599639	32.5165	33.3682	32.4557	33.2539
24200	1.14244	1.55292	0.269577	-2.9709	0.0595934	0.062584	-0.710452	0.593131	32.5163	33.3686	32.4552	33.2542
24300	1.14267	1.55337	0.270216	-2.97223	0.0627239	0.0662782	-0.710719	0.586564	32.5162	33.369	32.4547	33.2545
24400	1.15183	1.53088	0.381804	-3.05494	0.0269241	0.0692015	-0.608163	0.536024	32.5261	33.3596	32.4707	33.244
24500	1.14765	1.52552	0.384798	-3.06371	0.0237858	0.0698642	-0.607569	0.519058	32.5275	33.3563	32.4682	33.2426
24600	1.14029	1.54998	0.280865	-2.97714	0.0698324	0.0786655	-0.704105	0.560396	32.5167	33.3674	32.4572	33.2531
24700	1.14061	1.5505	0.281234	-2.97838	0.0730468	0.0823187	-0.704603	0.554018	32.5166	33.3677	32.4564	33.2535
24800	1.14088	1.55098	0.281692	-2.9796	0.0762324	0.0859853	-0.705024	0.547569	32.5165	33.3681	32.4558	33.2539
24900	1.14111	1.55142	0.282235	-2.98082	0.0793954	0.0896685	-0.705368	0.541055	32.5164	33.3685	32.4553	33.2541
25000	1.1413	1.55181	0.282857	-2.98203	0.0825358	0.0933663	-0.705643	0.534482	32.5162	33.3689	32.4548	33.2544
25100	1.14145	1.55216	0.283553	-2.98323	0.0856546	0.0970777	-0.705853	0.527851	32.5161	33.3692	32.4543	33.2547
25200	1.1476	1.52488	0.393849	-3.07216	0.0441672	0.0962103	-0.602071	0.466745	32.5274	33.3568	32.4674	33.243
25300	1.13871	1.54811	0.293388	-2.98665	0.0894543	0.105605	-0.698878	0.508023	32.5167	33.3672	32.4573	33.2529
25400	1.13903	1.54864	0.293837	-2.98761	0.092798	0.109365	-0.699262	0.50178	32.5167	33.3676	32.4566	33.2534
